output Size: torch.Size([32, 12, 64, 64])

output ID: tensor([[[[-5.0807e+00, -2.7174e-01, -2.8724e+00,  ..., -4.3063e+00,
           -5.1967e+00, -5.6791e+00],
          [-1.6571e+00,  2.5907e+00, -2.4937e-01,  ..., -1.7773e+00,
           -2.7346e+00, -2.8639e+00],
          [-4.3875e+00, -9.7216e-01, -5.2425e+00,  ..., -2.6018e+00,
           -2.8558e+00, -2.7009e+00],
          ...,
          [ 7.3192e-01, -1.6727e+00, -3.3601e+00,  ...,  1.5024e+00,
            4.5044e-01, -3.9420e-02],
          [ 4.4958e-01, -1.8986e+00, -3.9304e+00,  ...,  1.1217e+00,
            4.7615e-02, -4.7358e-01],
          [ 7.9532e-02, -1.8509e+00, -4.1548e+00,  ...,  1.1067e+00,
            1.2799e-02, -5.3053e-01]],

         [[-2.6054e+00, -5.9980e+00, -3.1159e+00,  ...,  2.6884e-01,
            1.8861e-02, -3.3994e-01],
          [ 1.4252e-01, -3.7684e+00, -2.6222e+00,  ..., -1.7928e+00,
           -1.8733e+00, -2.0917e+00],
          [-3.0044e+00, -6.0878e+00, -4.7608e+00,  ..., -5.0754e+00,
           -4.7568e+00, -4.4593e+00],
          ...,
          [-1.1955e+00, -1.3302e-01, -4.9161e+00,  ...,  1.1987e+00,
            1.1890e+00,  9.6635e-01],
          [-1.2847e+00, -9.1131e-01, -5.5192e+00,  ...,  7.2949e-01,
            7.2494e-01,  5.1537e-01],
          [-1.5898e+00, -1.5924e+00, -6.3265e+00,  ...,  1.2716e-01,
            1.7180e-01,  7.5597e-03]],

         [[ 4.4164e+00,  8.2157e-01, -7.5510e-01,  ..., -4.8420e+00,
           -3.9666e+00, -3.3921e+00],
          [-6.1695e+00, -4.2671e+00, -5.3102e+00,  ..., -2.9262e+00,
           -2.4490e+00, -2.5217e+00],
          [ 2.1944e+00,  3.6756e-01,  9.7522e-01,  ...,  5.4329e+00,
            4.7722e+00,  4.2607e+00],
          ...,
          [-1.1536e-01, -3.2470e+00, -2.6552e+00,  ..., -2.1789e+00,
           -2.0478e+00, -2.3839e+00],
          [-3.3294e-01, -2.6720e+00, -2.9948e+00,  ..., -2.3001e+00,
           -2.1464e+00, -2.4767e+00],
          [-6.1093e-01, -2.3001e+00, -3.4218e+00,  ..., -2.1823e+00,
           -2.0523e+00, -2.4236e+00]],

         ...,

         [[-3.7865e+00, -9.4555e-01,  6.4976e-02,  ...,  2.4140e+00,
            2.5222e+00,  2.3032e+00],
          [-3.4151e+00, -6.1375e-01, -7.5731e-01,  ..., -1.6733e+00,
           -1.3519e+00, -1.2204e+00],
          [-1.2392e+00, -1.9696e+00,  1.1824e+00,  ..., -1.9175e+00,
           -1.9618e+00, -2.0447e+00],
          ...,
          [-2.5275e+00,  2.2686e-01, -2.0494e+00,  ..., -3.2188e+00,
           -3.3243e+00, -3.5866e+00],
          [-2.1595e+00,  8.0853e-01, -1.6607e+00,  ..., -3.3123e+00,
           -3.4081e+00, -3.6133e+00],
          [-1.6114e+00,  1.2377e+00, -1.3472e+00,  ..., -3.1021e+00,
           -3.1633e+00, -3.3266e+00]],

         [[ 2.0906e+00, -5.1572e-01, -3.9617e+00,  ...,  3.4423e+00,
            3.0216e+00,  2.5493e+00],
          [-1.2471e+00, -1.9147e+00, -1.5757e+00,  ..., -3.7682e+00,
           -4.2002e+00, -4.5770e+00],
          [ 2.2311e+00, -1.7299e+00,  1.8197e+00,  ...,  5.6113e+00,
            5.4544e+00,  5.2843e+00],
          ...,
          [ 3.3756e-01, -6.7566e-01, -6.8350e+00,  ..., -1.8171e+00,
           -1.4564e+00, -1.0972e+00],
          [ 1.2034e+00,  1.5929e-01, -6.6663e+00,  ..., -1.7063e+00,
           -1.2716e+00, -8.5275e-01],
          [ 1.5346e+00,  2.2570e-01, -6.7554e+00,  ..., -1.5917e+00,
           -1.1859e+00, -7.8205e-01]],

         [[ 4.4901e+00,  7.5920e+00,  5.9566e+00,  ...,  4.8144e+00,
            4.9107e+00,  4.4211e+00],
          [ 1.9871e+00,  4.9210e+00,  4.0763e+00,  ...,  9.0193e-01,
            1.5253e+00,  1.4150e+00],
          [-9.0543e-01, -2.0683e+00,  2.1192e+00,  ..., -7.7796e-02,
            2.2492e-01, -1.1710e-03],
          ...,
          [-5.2800e-01, -4.4765e+00, -9.9716e-01,  ..., -4.9942e+00,
           -5.0216e+00, -5.2133e+00],
          [-1.0292e-01, -4.0916e+00, -1.6053e-01,  ..., -5.0011e+00,
           -5.0023e+00, -5.1456e+00],
          [ 2.1109e-02, -3.9057e+00,  4.2308e-01,  ..., -5.1064e+00,
           -5.1511e+00, -5.3159e+00]]],


        [[[-5.0807e+00, -3.0428e+00, -3.7489e+00,  ..., -4.3063e+00,
           -5.1967e+00, -5.6791e+00],
          [-4.8603e+00, -4.9011e+00, -2.6170e+00,  ..., -2.3579e+00,
           -2.6448e+00, -2.5275e+00],
          [-6.6439e+00, -4.8738e+00, -2.3779e-01,  ...,  1.7642e+00,
            1.1053e+00,  6.9382e-01],
          ...,
          [ 7.3192e-01, -4.3737e+00,  3.6801e+00,  ...,  1.5024e+00,
            4.5044e-01, -3.9420e-02],
          [ 4.4958e-01, -5.0461e+00,  3.5496e+00,  ...,  1.1217e+00,
            4.7615e-02, -4.7358e-01],
          [ 7.9532e-02, -5.3352e+00,  3.6681e+00,  ...,  1.1067e+00,
            1.2799e-02, -5.3053e-01]],

         [[-2.6054e+00, -3.1966e+00,  4.0677e+00,  ...,  2.6884e-01,
            1.8861e-02, -3.3994e-01],
          [-2.6295e+00, -5.0289e+00, -2.2852e+00,  ..., -4.8179e+00,
           -4.4705e+00, -4.1217e+00],
          [ 5.5644e-01,  1.0700e-01,  1.7254e+00,  ..., -5.5852e-01,
           -1.1880e+00, -1.5260e+00],
          ...,
          [-1.1955e+00, -5.1881e+00,  1.7315e+00,  ...,  1.1987e+00,
            1.1890e+00,  9.6635e-01],
          [-1.2847e+00, -5.8633e+00,  1.9046e+00,  ...,  7.2949e-01,
            7.2494e-01,  5.1537e-01],
          [-1.5898e+00, -6.7192e+00,  1.8158e+00,  ...,  1.2716e-01,
            1.7180e-01,  7.5597e-03]],

         [[ 4.4164e+00, -4.8080e-01,  1.6995e+00,  ..., -4.8420e+00,
           -3.9666e+00, -3.3921e+00],
          [ 1.9023e+00,  1.9914e+00, -2.6497e+00,  ...,  4.9680e+00,
            4.2801e+00,  3.7447e+00],
          [ 5.8583e-01, -5.6701e+00,  7.0272e-01,  ...,  4.2500e-01,
            1.3115e+00,  1.5066e+00],
          ...,
          [-1.1536e-01, -2.0655e+00, -2.2182e+00,  ..., -2.1789e+00,
           -2.0478e+00, -2.3839e+00],
          [-3.3294e-01, -2.3697e+00, -2.8443e+00,  ..., -2.3001e+00,
           -2.1464e+00, -2.4767e+00],
          [-6.1093e-01, -2.7767e+00, -2.9619e+00,  ..., -2.1823e+00,
           -2.0523e+00, -2.4236e+00]],

         ...,

         [[-3.7865e+00, -1.3532e-01, -4.8920e+00,  ...,  2.4140e+00,
            2.5222e+00,  2.3032e+00],
          [-9.5947e-01,  2.5785e-01, -1.8637e+00,  ..., -1.6665e+00,
           -1.6563e+00, -1.7406e+00],
          [-1.1215e+00,  9.8126e-01, -7.8755e-01,  ..., -8.6004e-01,
           -5.4367e-01, -1.1123e-01],
          ...,
          [-2.5275e+00, -2.5284e+00, -5.6777e+00,  ..., -3.2188e+00,
           -3.3243e+00, -3.5866e+00],
          [-2.1595e+00, -2.0946e+00, -5.6033e+00,  ..., -3.3123e+00,
           -3.4081e+00, -3.6133e+00],
          [-1.6114e+00, -1.8037e+00, -5.5533e+00,  ..., -3.1021e+00,
           -3.1633e+00, -3.3266e+00]],

         [[ 2.0906e+00, -3.9494e+00, -3.6750e-01,  ...,  3.4423e+00,
            3.0216e+00,  2.5493e+00],
          [ 2.3085e+00,  1.5126e+00,  8.5925e-02,  ...,  6.2969e+00,
            6.1536e+00,  5.9691e+00],
          [ 3.1089e+00,  2.1303e+00, -7.3505e-01,  ...,  8.0995e-01,
           -4.6316e-02, -4.3267e-01],
          ...,
          [ 3.3756e-01, -6.4422e+00,  9.8296e-01,  ..., -1.8171e+00,
           -1.4564e+00, -1.0972e+00],
          [ 1.2034e+00, -6.1945e+00,  1.0809e+00,  ..., -1.7063e+00,
           -1.2716e+00, -8.5275e-01],
          [ 1.5346e+00, -6.3226e+00,  1.2868e+00,  ..., -1.5917e+00,
           -1.1859e+00, -7.8205e-01]],

         [[ 4.4901e+00,  5.6777e+00,  4.9634e+00,  ...,  4.8144e+00,
            4.9107e+00,  4.4211e+00],
          [-7.5025e-01,  2.1923e+00,  1.3601e+00,  ..., -1.4532e-01,
            2.5862e-01,  1.1301e-01],
          [ 3.6238e+00,  2.1084e+00,  5.5431e-01,  ..., -2.8105e+00,
           -2.5733e+00, -2.7955e+00],
          ...,
          [-5.2800e-01, -1.2086e+00, -3.7715e+00,  ..., -4.9942e+00,
           -5.0216e+00, -5.2133e+00],
          [-1.0292e-01, -4.1976e-01, -3.4791e+00,  ..., -5.0011e+00,
           -5.0023e+00, -5.1456e+00],
          [ 2.1109e-02,  1.3219e-01, -3.1617e+00,  ..., -5.1064e+00,
           -5.1511e+00, -5.3159e+00]]],


        [[[-5.0807e+00, -5.9444e+00, -3.2474e+00,  ..., -4.3063e+00,
           -5.1967e+00, -5.6791e+00],
          [-6.7024e+00, -2.6549e+00, -1.9796e+00,  ...,  5.9943e+00,
            5.9811e+00,  5.7626e+00],
          [-5.4667e+00, -7.2803e+00, -4.2459e-01,  ...,  2.2033e+00,
            1.6741e+00,  1.5996e+00],
          ...,
          [ 7.3192e-01, -1.8283e+00,  9.0174e+00,  ...,  1.5024e+00,
            4.5044e-01, -3.9420e-02],
          [ 4.4958e-01, -2.3857e+00,  9.0431e+00,  ...,  1.1217e+00,
            4.7615e-02, -4.7358e-01],
          [ 7.9532e-02, -3.0736e+00,  9.0196e+00,  ...,  1.1067e+00,
            1.2799e-02, -5.3053e-01]],

         [[-2.6054e+00, -2.4044e-01, -1.0294e+00,  ...,  2.6884e-01,
            1.8861e-02, -3.3994e-01],
          [-3.4150e+00, -1.7273e+00, -1.6243e+00,  ..., -2.7392e-01,
           -1.0654e+00, -1.7584e+00],
          [-6.7226e+00, -2.3751e+00, -3.0033e+00,  ...,  4.6635e-02,
           -1.3357e-02, -4.4961e-01],
          ...,
          [-1.1955e+00, -1.8573e+00,  2.1970e+00,  ...,  1.1987e+00,
            1.1890e+00,  9.6635e-01],
          [-1.2847e+00, -2.0813e+00,  1.9511e+00,  ...,  7.2949e-01,
            7.2494e-01,  5.1537e-01],
          [-1.5898e+00, -2.2469e+00,  1.3473e+00,  ...,  1.2716e-01,
            1.7180e-01,  7.5597e-03]],

         [[ 4.4164e+00,  6.8276e-01, -1.0656e+00,  ..., -4.8420e+00,
           -3.9666e+00, -3.3921e+00],
          [ 5.5579e-02, -3.3407e+00,  2.0582e+00,  ..., -6.9994e-01,
           -2.2688e-01,  1.9919e-01],
          [ 4.5220e+00,  2.8051e+00,  3.1005e+00,  ...,  3.0711e+00,
            3.5925e+00,  3.8917e+00],
          ...,
          [-1.1536e-01,  3.6463e-02, -4.6671e+00,  ..., -2.1789e+00,
           -2.0478e+00, -2.3839e+00],
          [-3.3294e-01, -2.4556e-01, -5.1128e+00,  ..., -2.3001e+00,
           -2.1464e+00, -2.4767e+00],
          [-6.1093e-01, -1.6962e-01, -5.1565e+00,  ..., -2.1823e+00,
           -2.0523e+00, -2.4236e+00]],

         ...,

         [[-3.7865e+00,  1.3770e+00, -3.9994e+00,  ...,  2.4140e+00,
            2.5222e+00,  2.3032e+00],
          [ 3.6038e+00,  5.2161e+00,  5.7055e-01,  ..., -3.8620e-01,
           -3.1020e-01, -8.0947e-01],
          [-3.6711e+00, -5.0652e-01, -1.0263e+00,  ..., -2.9338e+00,
           -3.1553e+00, -3.2434e+00],
          ...,
          [-2.5275e+00,  2.1680e+00, -2.5862e+00,  ..., -3.2188e+00,
           -3.3243e+00, -3.5866e+00],
          [-2.1595e+00,  2.6832e+00, -2.6968e+00,  ..., -3.3123e+00,
           -3.4081e+00, -3.6133e+00],
          [-1.6114e+00,  3.1518e+00, -2.5833e+00,  ..., -3.1021e+00,
           -3.1633e+00, -3.3266e+00]],

         [[ 2.0906e+00,  3.0281e+00, -2.7761e+00,  ...,  3.4423e+00,
            3.0216e+00,  2.5493e+00],
          [-4.8272e+00,  3.7461e-01,  2.8096e-01,  ..., -1.4140e+00,
           -1.5234e+00, -1.1744e+00],
          [-2.9627e+00,  2.8324e+00, -4.1325e+00,  ..., -1.5599e+00,
           -2.3860e+00, -3.1433e+00],
          ...,
          [ 3.3756e-01, -3.2455e-01, -3.7812e+00,  ..., -1.8171e+00,
           -1.4564e+00, -1.0972e+00],
          [ 1.2034e+00, -7.5484e-02, -3.3257e+00,  ..., -1.7063e+00,
           -1.2716e+00, -8.5275e-01],
          [ 1.5346e+00, -1.5583e-01, -2.7268e+00,  ..., -1.5917e+00,
           -1.1859e+00, -7.8205e-01]],

         [[ 4.4901e+00,  2.5391e+00, -6.9311e-01,  ...,  4.8144e+00,
            4.9107e+00,  4.4211e+00],
          [ 6.5372e-02,  2.2664e+00, -1.4670e+00,  ..., -1.3304e+00,
           -1.5821e+00, -2.0721e+00],
          [ 4.2531e+00,  8.5071e-01, -2.8888e-01,  ...,  1.3311e-01,
            7.0801e-01,  9.1980e-01],
          ...,
          [-5.2800e-01, -1.5007e+00, -1.9269e+00,  ..., -4.9942e+00,
           -5.0216e+00, -5.2133e+00],
          [-1.0292e-01, -1.4111e+00, -2.1177e+00,  ..., -5.0011e+00,
           -5.0023e+00, -5.1456e+00],
          [ 2.1109e-02, -1.7549e+00, -2.0578e+00,  ..., -5.1064e+00,
           -5.1511e+00, -5.3159e+00]]],


        ...,


        [[[-5.0807e+00, -3.1531e+00, -6.8944e-01,  ..., -4.3063e+00,
           -5.1967e+00, -5.6791e+00],
          [-1.8878e+00, -3.2174e+00, -1.8318e+00,  ...,  1.1005e+00,
            9.5537e-01,  6.1334e-01],
          [ 2.0751e+00,  2.3391e+00,  2.4583e-01,  ...,  2.6544e-01,
           -3.0527e-01, -4.3488e-01],
          ...,
          [ 7.3192e-01, -1.8530e+00, -2.3641e+00,  ...,  1.5024e+00,
            4.5044e-01, -3.9420e-02],
          [ 4.4958e-01, -2.0029e+00, -2.3353e+00,  ...,  1.1217e+00,
            4.7615e-02, -4.7358e-01],
          [ 7.9532e-02, -1.6813e+00, -2.0860e+00,  ...,  1.1067e+00,
            1.2799e-02, -5.3053e-01]],

         [[-2.6054e+00,  9.1357e-01, -3.9573e+00,  ...,  2.6884e-01,
            1.8861e-02, -3.3994e-01],
          [-4.2013e+00, -1.7399e+00, -2.0374e+00,  ..., -1.5352e+00,
           -1.5572e+00, -2.0072e+00],
          [-5.3659e+00,  1.3099e+00, -3.9266e+00,  ..., -3.8789e+00,
           -3.8612e+00, -4.0853e+00],
          ...,
          [-1.1955e+00, -1.7303e+00, -3.1715e+00,  ...,  1.1987e+00,
            1.1890e+00,  9.6635e-01],
          [-1.2847e+00, -1.9827e+00, -3.3836e+00,  ...,  7.2949e-01,
            7.2494e-01,  5.1537e-01],
          [-1.5898e+00, -2.7338e+00, -4.0338e+00,  ...,  1.2716e-01,
            1.7180e-01,  7.5597e-03]],

         [[ 4.4164e+00,  1.7697e+00,  3.5591e+00,  ..., -4.8420e+00,
           -3.9666e+00, -3.3921e+00],
          [-1.8607e+00, -1.8225e+00,  5.1908e+00,  ...,  2.4461e+00,
            2.3867e+00,  2.3633e+00],
          [ 5.0658e+00,  6.5132e-01,  2.3728e+00,  ..., -2.8482e+00,
           -2.5189e+00, -2.3374e+00],
          ...,
          [-1.1536e-01, -2.7322e+00, -1.2507e-01,  ..., -2.1789e+00,
           -2.0478e+00, -2.3839e+00],
          [-3.3294e-01, -2.5925e+00,  2.8841e-01,  ..., -2.3001e+00,
           -2.1464e+00, -2.4767e+00],
          [-6.1093e-01, -2.5096e+00,  5.1860e-01,  ..., -2.1823e+00,
           -2.0523e+00, -2.4236e+00]],

         ...,

         [[-3.7865e+00, -1.6202e+00,  1.5738e+00,  ...,  2.4140e+00,
            2.5222e+00,  2.3032e+00],
          [-1.5091e+00, -4.8975e-01, -4.4957e+00,  ..., -1.0522e+00,
           -6.1368e-01, -1.2782e-01],
          [-2.1640e+00, -2.2789e-01, -8.2695e+00,  ...,  2.1834e+00,
            2.9225e+00,  3.6496e+00],
          ...,
          [-2.5275e+00, -5.8990e+00, -5.5007e+00,  ..., -3.2188e+00,
           -3.3243e+00, -3.5866e+00],
          [-2.1595e+00, -5.5141e+00, -5.5098e+00,  ..., -3.3123e+00,
           -3.4081e+00, -3.6133e+00],
          [-1.6114e+00, -4.8773e+00, -5.1263e+00,  ..., -3.1021e+00,
           -3.1633e+00, -3.3266e+00]],

         [[ 2.0906e+00, -5.6434e+00,  1.8863e+00,  ...,  3.4423e+00,
            3.0216e+00,  2.5493e+00],
          [-4.1310e-01,  2.8975e+00,  9.8187e-01,  ...,  2.5866e+00,
            2.3867e+00,  2.2739e+00],
          [ 4.6401e+00, -1.7202e+00,  2.7568e+00,  ...,  4.2412e+00,
            4.1677e+00,  3.9331e+00],
          ...,
          [ 3.3756e-01, -4.3758e+00, -6.1926e+00,  ..., -1.8171e+00,
           -1.4564e+00, -1.0972e+00],
          [ 1.2034e+00, -2.9946e+00, -5.7213e+00,  ..., -1.7063e+00,
           -1.2716e+00, -8.5275e-01],
          [ 1.5346e+00, -1.9814e+00, -5.1356e+00,  ..., -1.5917e+00,
           -1.1859e+00, -7.8205e-01]],

         [[ 4.4901e+00,  1.3639e+00,  5.7618e+00,  ...,  4.8144e+00,
            4.9107e+00,  4.4211e+00],
          [ 2.1154e+00,  4.5057e+00,  5.7833e+00,  ..., -1.3494e+00,
           -7.5916e-01, -8.4268e-01],
          [ 6.4458e+00,  3.8928e-01,  6.1794e+00,  ...,  2.1960e+00,
            2.3794e+00,  1.8329e+00],
          ...,
          [-5.2800e-01,  6.8644e-02, -2.1170e+00,  ..., -4.9942e+00,
           -5.0216e+00, -5.2133e+00],
          [-1.0292e-01, -3.6456e-02, -1.5089e+00,  ..., -5.0011e+00,
           -5.0023e+00, -5.1456e+00],
          [ 2.1109e-02, -2.0712e-01, -8.5597e-01,  ..., -5.1064e+00,
           -5.1511e+00, -5.3159e+00]]],


        [[[-5.0807e+00, -1.5771e+00, -3.7225e+00,  ..., -4.3063e+00,
           -5.1967e+00, -5.6791e+00],
          [-5.9633e+00, -6.4881e-03,  5.3743e-01,  ..., -2.9616e+00,
           -3.0052e+00, -3.0221e+00],
          [-3.5436e+00,  1.5709e+00, -1.3302e+00,  ..., -2.0610e+00,
           -2.7980e+00, -3.3495e+00],
          ...,
          [ 7.3192e-01,  3.6013e+00,  2.4468e+00,  ...,  1.5024e+00,
            4.5044e-01, -3.9420e-02],
          [ 4.4958e-01,  2.8983e+00,  1.7665e+00,  ...,  1.1217e+00,
            4.7615e-02, -4.7358e-01],
          [ 7.9532e-02,  1.9995e+00,  1.1666e+00,  ...,  1.1067e+00,
            1.2799e-02, -5.3053e-01]],

         [[-2.6054e+00, -5.9444e-02,  1.4687e+00,  ...,  2.6884e-01,
            1.8861e-02, -3.3994e-01],
          [ 9.6513e-01, -5.5307e+00, -4.4101e+00,  ..., -3.8494e+00,
           -3.8658e+00, -3.5742e+00],
          [-5.2150e-01,  3.1095e+00,  1.3897e+00,  ..., -1.0283e+00,
           -1.1816e+00, -1.4075e+00],
          ...,
          [-1.1955e+00, -9.4630e-01,  3.8874e+00,  ...,  1.1987e+00,
            1.1890e+00,  9.6635e-01],
          [-1.2847e+00, -6.3144e-01,  3.2730e+00,  ...,  7.2949e-01,
            7.2494e-01,  5.1537e-01],
          [-1.5898e+00, -9.1604e-01,  2.6125e+00,  ...,  1.2716e-01,
            1.7180e-01,  7.5597e-03]],

         [[ 4.4164e+00,  1.9652e+00,  3.1836e+00,  ..., -4.8420e+00,
           -3.9666e+00, -3.3921e+00],
          [ 1.7024e+00,  7.5684e+00,  1.5229e+00,  ..., -4.1483e+00,
           -3.1287e+00, -2.3695e+00],
          [ 2.6192e+00,  6.4902e+00,  1.8936e+00,  ...,  1.5220e+00,
            2.2707e+00,  2.6826e+00],
          ...,
          [-1.1536e-01, -3.0431e+00, -1.3079e+00,  ..., -2.1789e+00,
           -2.0478e+00, -2.3839e+00],
          [-3.3294e-01, -1.9593e+00, -1.9197e+00,  ..., -2.3001e+00,
           -2.1464e+00, -2.4767e+00],
          [-6.1093e-01, -1.6204e+00, -1.8769e+00,  ..., -2.1823e+00,
           -2.0523e+00, -2.4236e+00]],

         ...,

         [[-3.7865e+00, -4.9603e-01, -1.8971e-01,  ...,  2.4140e+00,
            2.5222e+00,  2.3032e+00],
          [ 2.4177e+00,  5.8454e-01,  7.0101e+00,  ...,  5.8544e+00,
            6.5589e+00,  7.0162e+00],
          [-1.9307e+00, -2.3633e+00, -2.1056e+00,  ..., -2.0134e+00,
           -2.2352e+00, -1.9158e+00],
          ...,
          [-2.5275e+00, -3.6685e+00, -9.9337e-01,  ..., -3.2188e+00,
           -3.3243e+00, -3.5866e+00],
          [-2.1595e+00, -3.5402e+00, -8.5723e-01,  ..., -3.3123e+00,
           -3.4081e+00, -3.6133e+00],
          [-1.6114e+00, -3.6657e+00, -7.0849e-01,  ..., -3.1021e+00,
           -3.1633e+00, -3.3266e+00]],

         [[ 2.0906e+00,  3.4235e-01,  5.8456e-02,  ...,  3.4423e+00,
            3.0216e+00,  2.5493e+00],
          [ 3.6857e+00,  5.0033e+00,  1.1632e+00,  ...,  1.4524e+00,
            7.7681e-01,  2.3409e-01],
          [-9.8754e-01, -1.4746e+00,  3.9932e+00,  ...,  1.2726e+00,
            1.0467e+00,  1.2268e+00],
          ...,
          [ 3.3756e-01, -2.8360e+00, -2.4662e+00,  ..., -1.8171e+00,
           -1.4564e+00, -1.0972e+00],
          [ 1.2034e+00, -2.1627e+00, -2.3896e+00,  ..., -1.7063e+00,
           -1.2716e+00, -8.5275e-01],
          [ 1.5346e+00, -1.9020e+00, -2.5126e+00,  ..., -1.5917e+00,
           -1.1859e+00, -7.8205e-01]],

         [[ 4.4901e+00,  3.5977e+00,  2.9574e+00,  ...,  4.8144e+00,
            4.9107e+00,  4.4211e+00],
          [ 3.8811e+00,  1.8353e+00,  4.8854e+00,  ..., -4.4893e+00,
           -4.1605e+00, -4.6655e+00],
          [ 3.4536e+00,  3.3450e+00,  2.9921e+00,  ..., -2.8417e+00,
           -2.8252e+00, -3.1634e+00],
          ...,
          [-5.2800e-01, -4.6071e-01, -4.1445e+00,  ..., -4.9942e+00,
           -5.0216e+00, -5.2133e+00],
          [-1.0292e-01, -4.2291e-02, -4.0436e+00,  ..., -5.0011e+00,
           -5.0023e+00, -5.1456e+00],
          [ 2.1109e-02, -1.0630e-01, -4.0164e+00,  ..., -5.1064e+00,
           -5.1511e+00, -5.3159e+00]]],


        [[[-5.0807e+00, -3.1531e+00, -4.3692e-01,  ..., -4.3063e+00,
           -5.1967e+00, -5.6791e+00],
          [-1.8878e+00, -3.2174e+00, -2.0815e-01,  ...,  1.1005e+00,
            9.5537e-01,  6.1334e-01],
          [-2.0093e+00,  1.5594e+00,  8.5346e-01,  ...,  3.5674e+00,
            3.1625e+00,  2.7106e+00],
          ...,
          [ 7.3192e-01, -1.8530e+00, -4.8029e-01,  ...,  1.5024e+00,
            4.5044e-01, -3.9420e-02],
          [ 4.4958e-01, -2.0029e+00, -6.8324e-01,  ...,  1.1217e+00,
            4.7615e-02, -4.7358e-01],
          [ 7.9532e-02, -1.6813e+00, -8.0872e-01,  ...,  1.1067e+00,
            1.2799e-02, -5.3053e-01]],

         [[-2.6054e+00,  9.1357e-01, -1.3376e+00,  ...,  2.6884e-01,
            1.8861e-02, -3.3994e-01],
          [-4.2013e+00, -1.7399e+00, -6.0640e+00,  ..., -1.5352e+00,
           -1.5572e+00, -2.0072e+00],
          [-1.8633e+00, -3.5373e+00, -7.2241e+00,  ..., -2.3237e+00,
           -2.5445e+00, -2.6465e+00],
          ...,
          [-1.1955e+00, -1.7303e+00, -4.9038e+00,  ...,  1.1987e+00,
            1.1890e+00,  9.6635e-01],
          [-1.2847e+00, -1.9827e+00, -5.3951e+00,  ...,  7.2949e-01,
            7.2494e-01,  5.1537e-01],
          [-1.5898e+00, -2.7338e+00, -5.6734e+00,  ...,  1.2716e-01,
            1.7180e-01,  7.5597e-03]],

         [[ 4.4164e+00,  1.7697e+00, -7.3912e-01,  ..., -4.8420e+00,
           -3.9666e+00, -3.3921e+00],
          [-1.8607e+00, -1.8225e+00, -5.7749e-02,  ...,  2.4461e+00,
            2.3867e+00,  2.3633e+00],
          [-3.2337e+00, -5.2050e-01,  8.0333e-01,  ..., -1.6379e+00,
           -1.0823e+00, -4.2772e-01],
          ...,
          [-1.1536e-01, -2.7322e+00, -4.3167e+00,  ..., -2.1789e+00,
           -2.0478e+00, -2.3839e+00],
          [-3.3294e-01, -2.5925e+00, -3.7332e+00,  ..., -2.3001e+00,
           -2.1464e+00, -2.4767e+00],
          [-6.1093e-01, -2.5096e+00, -3.0923e+00,  ..., -2.1823e+00,
           -2.0523e+00, -2.4236e+00]],

         ...,

         [[-3.7865e+00, -1.6202e+00, -1.0984e+00,  ...,  2.4140e+00,
            2.5222e+00,  2.3032e+00],
          [-1.5091e+00, -4.8975e-01, -2.1202e+00,  ..., -1.0522e+00,
           -6.1368e-01, -1.2782e-01],
          [-2.0382e+00,  2.2304e+00,  3.2169e+00,  ...,  8.9691e-01,
            1.5409e+00,  2.0914e+00],
          ...,
          [-2.5275e+00, -5.8990e+00,  2.0104e+00,  ..., -3.2188e+00,
           -3.3243e+00, -3.5866e+00],
          [-2.1595e+00, -5.5141e+00,  2.4038e+00,  ..., -3.3123e+00,
           -3.4081e+00, -3.6133e+00],
          [-1.6114e+00, -4.8773e+00,  3.0969e+00,  ..., -3.1021e+00,
           -3.1633e+00, -3.3266e+00]],

         [[ 2.0906e+00, -5.6434e+00,  5.8529e-01,  ...,  3.4423e+00,
            3.0216e+00,  2.5493e+00],
          [-4.1310e-01,  2.8975e+00,  3.3598e+00,  ...,  2.5866e+00,
            2.3867e+00,  2.2739e+00],
          [-1.3149e+00, -2.0159e+00, -3.1881e+00,  ..., -6.2036e-01,
           -7.8318e-01, -7.2404e-01],
          ...,
          [ 3.3756e-01, -4.3758e+00, -3.9042e+00,  ..., -1.8171e+00,
           -1.4564e+00, -1.0972e+00],
          [ 1.2034e+00, -2.9946e+00, -3.5052e+00,  ..., -1.7063e+00,
           -1.2716e+00, -8.5275e-01],
          [ 1.5346e+00, -1.9814e+00, -2.7980e+00,  ..., -1.5917e+00,
           -1.1859e+00, -7.8205e-01]],

         [[ 4.4901e+00,  1.3639e+00,  6.3270e+00,  ...,  4.8144e+00,
            4.9107e+00,  4.4211e+00],
          [ 2.1154e+00,  4.5057e+00, -1.6440e+00,  ..., -1.3494e+00,
           -7.5916e-01, -8.4268e-01],
          [ 2.4201e+00,  5.1260e+00,  1.6075e+00,  ...,  2.4353e+00,
            2.6291e+00,  2.4853e+00],
          ...,
          [-5.2800e-01,  6.8644e-02, -5.0956e+00,  ..., -4.9942e+00,
           -5.0216e+00, -5.2133e+00],
          [-1.0292e-01, -3.6456e-02, -5.3101e+00,  ..., -5.0011e+00,
           -5.0023e+00, -5.1456e+00],
          [ 2.1109e-02, -2.0712e-01, -5.4540e+00,  ..., -5.1064e+00,
           -5.1511e+00, -5.3159e+00]]]], grad_fn=<UnsafeViewBackward0>)
