output Size: torch.Size([32, 64, 512])

output ID: tensor([[[-0.4614, -0.2065,  0.0896,  ...,  0.1101,  0.0956,  0.1904],
         [-0.2419, -0.2794,  0.0538,  ...,  0.0311,  0.0225,  0.2223],
         [-0.1050, -0.1973,  0.2698,  ...,  0.1841,  0.1601,  0.2152],
         ...,
         [-0.2927, -0.3704,  0.2880,  ..., -0.0498, -0.1833,  0.3243],
         [-0.2120, -0.3554,  0.2723,  ..., -0.0697, -0.2583,  0.2629],
         [-0.2176, -0.3045,  0.3015,  ..., -0.1190, -0.3195,  0.2782]],

        [[-0.4701, -0.2152,  0.1010,  ...,  0.0411,  0.0648,  0.1914],
         [-0.3240, -0.0583,  0.0060,  ...,  0.2392, -0.0217,  0.4461],
         [-0.3072,  0.1476,  0.0888,  ..., -0.0817, -0.3796,  0.4756],
         ...,
         [-0.2554, -0.3363,  0.2687,  ..., -0.0333, -0.2126,  0.3004],
         [-0.2313, -0.3365,  0.2988,  ..., -0.0799, -0.2509,  0.2947],
         [-0.1764, -0.2862,  0.3369,  ..., -0.1124, -0.3369,  0.2727]],

        [[-0.4801, -0.1730,  0.1054,  ...,  0.0488,  0.0876,  0.2212],
         [-0.4123, -0.1553, -0.1542,  ...,  0.2357,  0.1614,  0.3166],
         [-0.3387, -0.2588,  0.3108,  ..., -0.0765,  0.0750,  0.1024],
         ...,
         [-0.2724, -0.3405,  0.3178,  ..., -0.0023, -0.1795,  0.2540],
         [-0.2834, -0.3332,  0.3229,  ..., -0.0758, -0.2350,  0.2881],
         [-0.2452, -0.2955,  0.3426,  ..., -0.1060, -0.3057,  0.2439]],

        ...,

        [[-0.4898, -0.2027,  0.0890,  ...,  0.0735,  0.0791,  0.1916],
         [-0.0379, -0.1114, -0.2910,  ...,  0.1350,  0.1278,  0.6896],
         [ 0.2051, -0.3815, -0.0797,  ..., -0.0578,  0.3297,  0.2624],
         ...,
         [-0.2123, -0.2737,  0.2778,  ..., -0.0374, -0.2280,  0.3283],
         [-0.2160, -0.3512,  0.2937,  ..., -0.0607, -0.3125,  0.3059],
         [-0.2370, -0.3137,  0.3225,  ..., -0.0979, -0.3063,  0.3162]],

        [[-0.4849, -0.2036,  0.1062,  ...,  0.0130,  0.0180,  0.1926],
         [ 0.1382, -0.2993,  0.0091,  ...,  0.2113,  0.2936,  0.4776],
         [-0.1999,  0.0067,  0.0354,  ..., -0.1739, -0.0164,  0.2226],
         ...,
         [-0.2488, -0.3332,  0.2410,  ..., -0.1073, -0.2154,  0.3132],
         [-0.2199, -0.3263,  0.2880,  ..., -0.0815, -0.2848,  0.2931],
         [-0.1870, -0.3358,  0.3379,  ..., -0.1383, -0.3362,  0.2998]],

        [[-0.4716, -0.2241,  0.0740,  ...,  0.0663,  0.0706,  0.1745],
         [-0.2201, -0.2055,  0.4345,  ..., -0.2626,  0.0280,  0.5241],
         [-0.2639, -0.2593,  0.0521,  ...,  0.0926, -0.0271,  0.2262],
         ...,
         [-0.2681, -0.3325,  0.2992,  ..., -0.0619, -0.2117,  0.2884],
         [-0.2373, -0.3605,  0.3075,  ..., -0.0878, -0.2534,  0.2840],
         [-0.2000, -0.3204,  0.3252,  ..., -0.1052, -0.3020,  0.2652]]],
       grad_fn=<ViewBackward0>)
