output Size: torch.Size([32, 64, 2048])

output ID: tensor([[[-1.1635,  0.0893, -0.0955,  ..., -0.9996,  0.1042,  0.4170],
         [-0.6315, -0.5413,  0.3389,  ..., -0.1765, -0.9667,  0.1296],
         [ 0.0143, -0.8101, -0.7232,  ..., -0.3744, -0.8614, -0.2301],
         ...,
         [ 0.2661,  0.3305,  0.9373,  ..., -0.5088,  0.0036,  1.4563],
         [ 0.2772,  0.2910,  0.9757,  ..., -0.2488,  0.0354,  1.4026],
         [ 0.2525,  0.1748,  1.1270,  ..., -0.1964,  0.0025,  1.4117]],

        [[-1.0471,  0.1697, -0.0561,  ..., -0.9246,  0.0462,  0.5419],
         [ 0.3238,  0.2450,  0.6100,  ..., -0.5001,  0.9008,  0.2858],
         [-0.1932,  0.4697,  0.3604,  ..., -0.6173,  0.2784, -0.5332],
         ...,
         [ 0.3732,  0.4505,  0.8288,  ..., -0.4534,  0.0767,  1.4431],
         [ 0.2594,  0.3250,  1.0040,  ..., -0.2914,  0.0922,  1.5379],
         [ 0.2415,  0.1090,  1.0240,  ..., -0.2167, -0.0638,  1.5541]],

        [[-1.1654,  0.1929, -0.0877,  ..., -0.8845,  0.0858,  0.4967],
         [ 0.7802, -1.2079,  1.0508,  ..., -1.2408, -1.2137,  0.2613],
         [ 0.4954,  0.0364, -0.7623,  ...,  0.2625, -0.9191, -0.9911],
         ...,
         [ 0.2239,  0.3730,  0.7754,  ..., -0.3731,  0.0687,  1.6134],
         [ 0.2697,  0.2923,  0.9455,  ..., -0.3161,  0.1690,  1.3961],
         [ 0.1964,  0.1574,  1.0540,  ..., -0.2274, -0.0192,  1.4221]],

        ...,

        [[-0.9970,  0.1772, -0.0914,  ..., -0.9660,  0.1201,  0.4869],
         [ 0.5567,  0.0968,  0.0636,  ...,  0.6583, -0.0525,  0.0072],
         [-0.0145, -0.2103, -0.4830,  ...,  0.5756,  0.1301,  0.3351],
         ...,
         [ 0.3370,  0.3330,  0.8552,  ..., -0.3300,  0.1906,  1.4698],
         [ 0.3022,  0.3479,  0.9405,  ..., -0.2688,  0.1803,  1.3369],
         [ 0.3320,  0.1886,  1.1313,  ..., -0.1096,  0.1044,  1.3073]],

        [[-1.0972,  0.1961, -0.1356,  ..., -0.9268, -0.0102,  0.4331],
         [ 0.8671, -0.2485,  0.7444,  ..., -0.5316,  0.1564,  0.5765],
         [-0.5978, -0.1787,  0.9901,  ..., -0.7953, -0.1735,  1.7087],
         ...,
         [ 0.2736,  0.3795,  0.7393,  ..., -0.4748,  0.0890,  1.5646],
         [ 0.3947,  0.2978,  0.8613,  ..., -0.2646,  0.0799,  1.4137],
         [ 0.3385,  0.1811,  1.1225,  ..., -0.1430,  0.0581,  1.4177]],

        [[-1.1775,  0.2392, -0.0180,  ..., -0.9826,  0.1428,  0.4529],
         [ 0.2456,  0.3096,  0.5957,  ...,  0.1590, -0.0636,  0.1987],
         [-0.6902, -0.5726,  0.2826,  ..., -0.1113, -0.9609,  0.3799],
         ...,
         [ 0.2635,  0.4220,  0.8851,  ..., -0.4194,  0.0893,  1.4433],
         [ 0.2770,  0.3369,  1.0589,  ..., -0.2482,  0.0442,  1.4006],
         [ 0.2177,  0.2086,  1.0022,  ..., -0.2098,  0.0310,  1.3899]]],
       grad_fn=<ViewBackward0>)
