output Size: torch.Size([32, 64, 512])

output ID: tensor([[[ 0.6810,  0.1660, -0.3505,  ...,  0.3334, -0.0448, -0.2219],
         [ 0.6212,  0.1047, -0.4600,  ...,  0.3886, -0.0681, -0.2611],
         [ 0.6100,  0.1096, -0.4526,  ...,  0.3696, -0.0939, -0.2417],
         ...,
         [ 0.6606,  0.0952, -0.4195,  ...,  0.2972, -0.1065, -0.2584],
         [ 0.6596,  0.0890, -0.4166,  ...,  0.2944, -0.1106, -0.2591],
         [ 0.6594,  0.0796, -0.4171,  ...,  0.2929, -0.1182, -0.2629]],

        [[ 0.6234,  0.2194, -0.3193,  ...,  0.3029,  0.1744, -0.1584],
         [ 0.6068,  0.1911, -0.3664,  ...,  0.3208,  0.1668, -0.2056],
         [ 0.5553,  0.2249, -0.3767,  ...,  0.3552,  0.1538, -0.1409],
         ...,
         [ 0.6006,  0.1646, -0.3853,  ...,  0.2921,  0.0739, -0.1957],
         [ 0.6008,  0.1547, -0.3817,  ...,  0.2900,  0.0777, -0.1969],
         [ 0.6000,  0.1413, -0.3871,  ...,  0.2883,  0.0721, -0.1993]],

        [[ 0.6065,  0.2227, -0.2899,  ...,  0.2663,  0.0360, -0.2078],
         [ 0.6280,  0.1528, -0.3705,  ...,  0.3222, -0.0011, -0.3002],
         [ 0.6111,  0.2070, -0.3278,  ...,  0.3405, -0.0185, -0.2906],
         ...,
         [ 0.5876,  0.1794, -0.3096,  ...,  0.2751, -0.0569, -0.2685],
         [ 0.5841,  0.1727, -0.3144,  ...,  0.2739, -0.0595, -0.2720],
         [ 0.5814,  0.1598, -0.3257,  ...,  0.2748, -0.0692, -0.2767]],

        ...,

        [[ 0.7372,  0.2227, -0.3719,  ...,  0.2591,  0.0238, -0.1732],
         [ 0.7428,  0.2029, -0.4182,  ...,  0.3400, -0.0332, -0.2337],
         [ 0.7295,  0.2144, -0.3620,  ...,  0.2754, -0.0031, -0.1633],
         ...,
         [ 0.7362,  0.1612, -0.3950,  ...,  0.2360, -0.0525, -0.2357],
         [ 0.7337,  0.1557, -0.3925,  ...,  0.2340, -0.0551, -0.2331],
         [ 0.7353,  0.1473, -0.3947,  ...,  0.2334, -0.0639, -0.2346]],

        [[ 0.7956,  0.0916, -0.3632,  ...,  0.3134, -0.1679, -0.2898],
         [ 0.7817,  0.0815, -0.3702,  ...,  0.3195, -0.1617, -0.2719],
         [ 0.7891,  0.1114, -0.3514,  ...,  0.3445, -0.1668, -0.2788],
         ...,
         [ 0.8113,  0.0600, -0.3702,  ...,  0.2975, -0.1978, -0.2889],
         [ 0.8064,  0.0590, -0.3690,  ...,  0.2994, -0.2015, -0.2869],
         [ 0.8024,  0.0568, -0.3702,  ...,  0.3009, -0.2074, -0.2854]],

        [[ 0.6482,  0.2379, -0.3439,  ...,  0.2994,  0.0124, -0.1340],
         [ 0.6340,  0.1848, -0.3031,  ...,  0.3205,  0.0249, -0.1358],
         [ 0.6750,  0.1939, -0.3398,  ...,  0.3286,  0.0142, -0.1782],
         ...,
         [ 0.6413,  0.1752, -0.3945,  ...,  0.2681, -0.1101, -0.1872],
         [ 0.6381,  0.1676, -0.3941,  ...,  0.2678, -0.1116, -0.1842],
         [ 0.6384,  0.1577, -0.3995,  ...,  0.2688, -0.1185, -0.1838]]],
       grad_fn=<ViewBackward0>)
