output Size: torch.Size([32, 64, 512])

output ID: tensor([[[-1.2248,  0.9629, -1.5785,  ...,  0.2200,  0.3249,  1.3190],
         [-0.1198, -1.9489,  0.2275,  ..., -0.5559, -0.9751,  0.9424],
         [-1.3461, -0.2125, -1.6896,  ..., -0.2355,  0.5439, -1.4906],
         ...,
         [ 1.9269,  1.4873,  0.9007,  ...,  0.4232, -0.3389,  0.5180],
         [ 1.9269,  1.4873,  0.9007,  ...,  0.4232, -0.3389,  0.5180],
         [ 1.9269,  1.4873,  0.9007,  ...,  0.4232, -0.3389,  0.5180]],

        [[-1.2248,  0.9629, -1.5785,  ...,  0.2200,  0.3249,  1.3190],
         [-0.1315,  0.8127, -0.6318,  ..., -0.1814,  0.2004,  0.2528],
         [-1.8041,  1.5037, -0.6887,  ..., -0.7990, -1.3363,  1.2311],
         ...,
         [ 1.9269,  1.4873,  0.9007,  ...,  0.4232, -0.3389,  0.5180],
         [ 1.9269,  1.4873,  0.9007,  ...,  0.4232, -0.3389,  0.5180],
         [ 1.9269,  1.4873,  0.9007,  ...,  0.4232, -0.3389,  0.5180]],

        [[-1.2248,  0.9629, -1.5785,  ...,  0.2200,  0.3249,  1.3190],
         [-0.5446,  0.7179,  0.1975,  ..., -0.1660, -0.3403,  0.5651],
         [ 0.2940, -0.6625,  0.1820,  ..., -1.3569, -1.3164,  1.3035],
         ...,
         [ 1.9269,  1.4873,  0.9007,  ...,  0.4232, -0.3389,  0.5180],
         [ 1.9269,  1.4873,  0.9007,  ...,  0.4232, -0.3389,  0.5180],
         [ 1.9269,  1.4873,  0.9007,  ...,  0.4232, -0.3389,  0.5180]],

        ...,

        [[-1.2248,  0.9629, -1.5785,  ...,  0.2200,  0.3249,  1.3190],
         [-0.5446,  0.7179,  0.1975,  ..., -0.1660, -0.3403,  0.5651],
         [ 0.3773,  1.2040,  1.3180,  ..., -0.8851,  0.0822, -0.4468],
         ...,
         [ 1.9269,  1.4873,  0.9007,  ...,  0.4232, -0.3389,  0.5180],
         [ 1.9269,  1.4873,  0.9007,  ...,  0.4232, -0.3389,  0.5180],
         [ 1.9269,  1.4873,  0.9007,  ...,  0.4232, -0.3389,  0.5180]],

        [[-1.2248,  0.9629, -1.5785,  ...,  0.2200,  0.3249,  1.3190],
         [-0.6365, -1.0399,  0.8208,  ...,  0.5080, -0.2243, -0.0024],
         [-0.1129, -0.3387, -0.0817,  ...,  1.3654,  0.4022,  0.5820],
         ...,
         [ 1.9269,  1.4873,  0.9007,  ...,  0.4232, -0.3389,  0.5180],
         [ 1.9269,  1.4873,  0.9007,  ...,  0.4232, -0.3389,  0.5180],
         [ 1.9269,  1.4873,  0.9007,  ...,  0.4232, -0.3389,  0.5180]],

        [[-1.2248,  0.9629, -1.5785,  ...,  0.2200,  0.3249,  1.3190],
         [ 1.3030, -0.5918, -1.2512,  ...,  0.2113,  1.3582, -0.6794],
         [ 0.2480,  1.9419, -1.3165,  ..., -1.4845, -1.2379, -0.8570],
         ...,
         [ 1.9269,  1.4873,  0.9007,  ...,  0.4232, -0.3389,  0.5180],
         [ 1.9269,  1.4873,  0.9007,  ...,  0.4232, -0.3389,  0.5180],
         [ 1.9269,  1.4873,  0.9007,  ...,  0.4232, -0.3389,  0.5180]]],
       grad_fn=<EmbeddingBackward0>)
