output Size: torch.Size([32, 64, 512])

output ID: tensor([[[ 5.4394e-01, -5.0445e-01,  2.6387e-01,  ..., -3.1683e-01,
          -6.3022e-01, -6.2605e-01],
         [ 4.2578e-01, -3.2728e-01,  4.1795e-02,  ..., -2.3478e-01,
          -2.7326e-01, -1.6281e-02],
         [ 4.3611e-01, -1.1442e-01,  7.2697e-02,  ..., -4.6230e-02,
          -4.0948e-01, -1.8972e-01],
         ...,
         [ 2.9978e-01,  5.2829e-02, -3.3342e-02,  ..., -1.1288e-01,
          -3.5786e-01,  3.1560e-03],
         [ 2.9825e-01,  5.1755e-02, -3.7768e-02,  ..., -1.0322e-01,
          -3.5199e-01,  1.3112e-02],
         [ 2.9586e-01,  4.9274e-02, -4.2539e-02,  ..., -9.7728e-02,
          -3.4657e-01,  1.8604e-02]],

        [[ 5.4394e-01, -5.0445e-01,  2.6387e-01,  ..., -3.1683e-01,
          -6.3022e-01, -6.2605e-01],
         [ 3.5439e-01, -3.8340e-01,  3.4869e-01,  ..., -4.2629e-01,
          -4.5558e-01, -4.8847e-01],
         [ 3.1101e-01, -2.3041e-01,  1.7056e-01,  ..., -5.5716e-01,
           2.1446e-03, -4.3726e-01],
         ...,
         [ 4.0591e-01,  3.1102e-02,  7.1436e-03,  ..., -1.3297e-01,
          -3.0492e-01,  3.6627e-03],
         [ 4.0820e-01,  3.5288e-02,  1.1948e-03,  ..., -1.2483e-01,
          -2.9473e-01,  1.6024e-02],
         [ 4.0804e-01,  3.9746e-02, -6.3910e-03,  ..., -1.1892e-01,
          -2.8566e-01,  2.3641e-02]],

        [[ 5.4394e-01, -5.0445e-01,  2.6387e-01,  ..., -3.1683e-01,
          -6.3022e-01, -6.2605e-01],
         [ 3.5439e-01, -3.8340e-01,  3.4869e-01,  ..., -4.2629e-01,
          -4.5558e-01, -4.8847e-01],
         [ 2.5379e-01, -2.3912e-01,  2.2432e-01,  ..., -5.4512e-01,
          -4.6153e-01, -4.5324e-01],
         ...,
         [ 4.0717e-01,  2.6817e-03,  5.0471e-03,  ..., -1.2246e-01,
          -3.5262e-01, -5.9212e-02],
         [ 4.0507e-01,  5.8385e-03,  4.0760e-04,  ..., -1.0996e-01,
          -3.4314e-01, -4.9346e-02],
         [ 4.0193e-01,  6.8919e-03, -6.6419e-03,  ..., -1.0449e-01,
          -3.3548e-01, -4.1762e-02]],

        ...,

        [[ 5.4394e-01, -5.0445e-01,  2.6387e-01,  ..., -3.1683e-01,
          -6.3022e-01, -6.2605e-01],
         [ 3.5439e-01, -3.8340e-01,  3.4869e-01,  ..., -4.2629e-01,
          -4.5558e-01, -4.8847e-01],
         [ 3.3848e-01, -6.4731e-01,  2.1217e-01,  ..., -4.6113e-01,
          -2.3419e-01, -6.0911e-01],
         ...,
         [ 4.3021e-01, -7.1815e-03, -5.2685e-02,  ..., -1.4965e-01,
          -2.5378e-01,  2.3927e-02],
         [ 4.3356e-01, -6.4197e-03, -5.6980e-02,  ..., -1.4246e-01,
          -2.4869e-01,  3.2046e-02],
         [ 4.3742e-01, -6.5786e-03, -6.2427e-02,  ..., -1.3861e-01,
          -2.4415e-01,  3.6695e-02]],

        [[ 5.4394e-01, -5.0445e-01,  2.6387e-01,  ..., -3.1683e-01,
          -6.3022e-01, -6.2605e-01],
         [ 1.5953e-01, -4.5595e-01,  1.0811e-01,  ..., -1.7166e-01,
          -4.9188e-01, -4.1930e-01],
         [ 1.1190e-01, -5.0564e-01, -5.4179e-03,  ..., -2.0453e-01,
          -4.1840e-01, -2.0573e-01],
         ...,
         [ 4.2069e-01,  8.8028e-03, -6.6824e-02,  ..., -1.7062e-01,
          -3.0634e-01,  7.7618e-02],
         [ 4.2226e-01,  1.2046e-02, -7.2443e-02,  ..., -1.6523e-01,
          -3.0273e-01,  8.6922e-02],
         [ 4.2425e-01,  1.3723e-02, -7.9747e-02,  ..., -1.6229e-01,
          -2.9904e-01,  9.3692e-02]],

        [[ 5.4394e-01, -5.0445e-01,  2.6387e-01,  ..., -3.1683e-01,
          -6.3022e-01, -6.2605e-01],
         [ 4.7563e-01, -5.5674e-01,  2.4823e-01,  ..., -2.4745e-01,
          -5.7359e-01, -2.1626e-01],
         [ 5.7047e-01, -3.5188e-01,  1.7755e-01,  ..., -5.4039e-02,
          -4.0686e-01, -4.2657e-01],
         ...,
         [ 3.3756e-01, -3.5067e-02, -5.6734e-02,  ..., -1.4448e-01,
          -2.9607e-01, -7.0096e-02],
         [ 3.3900e-01, -3.4467e-02, -6.2933e-02,  ..., -1.3613e-01,
          -2.9508e-01, -5.7360e-02],
         [ 3.3959e-01, -3.5542e-02, -7.0018e-02,  ..., -1.3119e-01,
          -2.9477e-01, -5.2609e-02]]], grad_fn=<ViewBackward0>)
