output Size: torch.Size([32, 12, 64, 64])

output ID: tensor([[[[1.0000, 0.0000, 0.0000,  ..., 0.0000, 0.0000, 0.0000],
          [0.4876, 0.5124, 0.0000,  ..., 0.0000, 0.0000, 0.0000],
          [0.3679, 0.4294, 0.2027,  ..., 0.0000, 0.0000, 0.0000],
          ...,
          [0.0106, 0.0193, 0.0084,  ..., 0.0173, 0.0000, 0.0000],
          [0.0088, 0.0183, 0.0088,  ..., 0.0169, 0.0196, 0.0000],
          [0.0073, 0.0171, 0.0090,  ..., 0.0166, 0.0194, 0.0219]],

         [[1.0000, 0.0000, 0.0000,  ..., 0.0000, 0.0000, 0.0000],
          [0.6259, 0.3741, 0.0000,  ..., 0.0000, 0.0000, 0.0000],
          [0.2775, 0.5082, 0.2143,  ..., 0.0000, 0.0000, 0.0000],
          ...,
          [0.0104, 0.0110, 0.0079,  ..., 0.0167, 0.0000, 0.0000],
          [0.0101, 0.0113, 0.0078,  ..., 0.0162, 0.0161, 0.0000],
          [0.0104, 0.0116, 0.0083,  ..., 0.0158, 0.0157, 0.0152]],

         [[1.0000, 0.0000, 0.0000,  ..., 0.0000, 0.0000, 0.0000],
          [0.3886, 0.6114, 0.0000,  ..., 0.0000, 0.0000, 0.0000],
          [0.2878, 0.3927, 0.3196,  ..., 0.0000, 0.0000, 0.0000],
          ...,
          [0.0191, 0.0144, 0.0107,  ..., 0.0133, 0.0000, 0.0000],
          [0.0189, 0.0146, 0.0104,  ..., 0.0129, 0.0135, 0.0000],
          [0.0187, 0.0145, 0.0096,  ..., 0.0125, 0.0132, 0.0134]],

         ...,

         [[1.0000, 0.0000, 0.0000,  ..., 0.0000, 0.0000, 0.0000],
          [0.7506, 0.2494, 0.0000,  ..., 0.0000, 0.0000, 0.0000],
          [0.3917, 0.3905, 0.2178,  ..., 0.0000, 0.0000, 0.0000],
          ...,
          [0.0174, 0.0096, 0.0121,  ..., 0.0154, 0.0000, 0.0000],
          [0.0180, 0.0102, 0.0120,  ..., 0.0148, 0.0142, 0.0000],
          [0.0186, 0.0111, 0.0123,  ..., 0.0144, 0.0136, 0.0127]],

         [[1.0000, 0.0000, 0.0000,  ..., 0.0000, 0.0000, 0.0000],
          [0.6746, 0.3254, 0.0000,  ..., 0.0000, 0.0000, 0.0000],
          [0.4349, 0.3808, 0.1843,  ..., 0.0000, 0.0000, 0.0000],
          ...,
          [0.0292, 0.0129, 0.0117,  ..., 0.0186, 0.0000, 0.0000],
          [0.0285, 0.0119, 0.0116,  ..., 0.0188, 0.0181, 0.0000],
          [0.0261, 0.0114, 0.0110,  ..., 0.0193, 0.0182, 0.0163]],

         [[1.0000, 0.0000, 0.0000,  ..., 0.0000, 0.0000, 0.0000],
          [0.4888, 0.5112, 0.0000,  ..., 0.0000, 0.0000, 0.0000],
          [0.3991, 0.1990, 0.4019,  ..., 0.0000, 0.0000, 0.0000],
          ...,
          [0.0219, 0.0153, 0.0166,  ..., 0.0106, 0.0000, 0.0000],
          [0.0221, 0.0158, 0.0163,  ..., 0.0107, 0.0106, 0.0000],
          [0.0204, 0.0165, 0.0155,  ..., 0.0109, 0.0107, 0.0110]]],


        [[[1.0000, 0.0000, 0.0000,  ..., 0.0000, 0.0000, 0.0000],
          [0.7045, 0.2955, 0.0000,  ..., 0.0000, 0.0000, 0.0000],
          [0.3956, 0.3068, 0.2976,  ..., 0.0000, 0.0000, 0.0000],
          ...,
          [0.0105, 0.0038, 0.0056,  ..., 0.0170, 0.0000, 0.0000],
          [0.0087, 0.0039, 0.0057,  ..., 0.0168, 0.0196, 0.0000],
          [0.0073, 0.0038, 0.0057,  ..., 0.0167, 0.0195, 0.0220]],

         [[1.0000, 0.0000, 0.0000,  ..., 0.0000, 0.0000, 0.0000],
          [0.6694, 0.3306, 0.0000,  ..., 0.0000, 0.0000, 0.0000],
          [0.1773, 0.2834, 0.5394,  ..., 0.0000, 0.0000, 0.0000],
          ...,
          [0.0098, 0.0110, 0.0139,  ..., 0.0158, 0.0000, 0.0000],
          [0.0097, 0.0111, 0.0144,  ..., 0.0155, 0.0154, 0.0000],
          [0.0100, 0.0121, 0.0157,  ..., 0.0152, 0.0152, 0.0147]],

         [[1.0000, 0.0000, 0.0000,  ..., 0.0000, 0.0000, 0.0000],
          [0.5088, 0.4912, 0.0000,  ..., 0.0000, 0.0000, 0.0000],
          [0.3980, 0.4040, 0.1980,  ..., 0.0000, 0.0000, 0.0000],
          ...,
          [0.0194, 0.0149, 0.0095,  ..., 0.0135, 0.0000, 0.0000],
          [0.0193, 0.0140, 0.0092,  ..., 0.0132, 0.0138, 0.0000],
          [0.0192, 0.0132, 0.0092,  ..., 0.0129, 0.0135, 0.0138]],

         ...,

         [[1.0000, 0.0000, 0.0000,  ..., 0.0000, 0.0000, 0.0000],
          [0.6547, 0.3453, 0.0000,  ..., 0.0000, 0.0000, 0.0000],
          [0.3753, 0.4139, 0.2108,  ..., 0.0000, 0.0000, 0.0000],
          ...,
          [0.0169, 0.0296, 0.0250,  ..., 0.0150, 0.0000, 0.0000],
          [0.0177, 0.0287, 0.0245,  ..., 0.0145, 0.0139, 0.0000],
          [0.0185, 0.0263, 0.0254,  ..., 0.0143, 0.0135, 0.0126]],

         [[1.0000, 0.0000, 0.0000,  ..., 0.0000, 0.0000, 0.0000],
          [0.8009, 0.1991, 0.0000,  ..., 0.0000, 0.0000, 0.0000],
          [0.3981, 0.4015, 0.2004,  ..., 0.0000, 0.0000, 0.0000],
          ...,
          [0.0308, 0.0130, 0.0219,  ..., 0.0197, 0.0000, 0.0000],
          [0.0302, 0.0122, 0.0212,  ..., 0.0199, 0.0191, 0.0000],
          [0.0276, 0.0116, 0.0193,  ..., 0.0204, 0.0193, 0.0173]],

         [[1.0000, 0.0000, 0.0000,  ..., 0.0000, 0.0000, 0.0000],
          [0.3301, 0.6699, 0.0000,  ..., 0.0000, 0.0000, 0.0000],
          [0.2125, 0.2281, 0.5594,  ..., 0.0000, 0.0000, 0.0000],
          ...,
          [0.0228, 0.0134, 0.0180,  ..., 0.0110, 0.0000, 0.0000],
          [0.0229, 0.0142, 0.0177,  ..., 0.0111, 0.0109, 0.0000],
          [0.0211, 0.0146, 0.0168,  ..., 0.0112, 0.0110, 0.0114]]],


        [[[1.0000, 0.0000, 0.0000,  ..., 0.0000, 0.0000, 0.0000],
          [0.7045, 0.2955, 0.0000,  ..., 0.0000, 0.0000, 0.0000],
          [0.4806, 0.3083, 0.2111,  ..., 0.0000, 0.0000, 0.0000],
          ...,
          [0.0109, 0.0040, 0.0120,  ..., 0.0177, 0.0000, 0.0000],
          [0.0090, 0.0040, 0.0112,  ..., 0.0174, 0.0202, 0.0000],
          [0.0074, 0.0039, 0.0108,  ..., 0.0171, 0.0199, 0.0225]],

         [[1.0000, 0.0000, 0.0000,  ..., 0.0000, 0.0000, 0.0000],
          [0.6694, 0.3306, 0.0000,  ..., 0.0000, 0.0000, 0.0000],
          [0.3001, 0.3263, 0.3736,  ..., 0.0000, 0.0000, 0.0000],
          ...,
          [0.0107, 0.0119, 0.0140,  ..., 0.0171, 0.0000, 0.0000],
          [0.0104, 0.0120, 0.0142,  ..., 0.0167, 0.0166, 0.0000],
          [0.0108, 0.0130, 0.0148,  ..., 0.0163, 0.0162, 0.0157]],

         [[1.0000, 0.0000, 0.0000,  ..., 0.0000, 0.0000, 0.0000],
          [0.5088, 0.4912, 0.0000,  ..., 0.0000, 0.0000, 0.0000],
          [0.2925, 0.3500, 0.3575,  ..., 0.0000, 0.0000, 0.0000],
          ...,
          [0.0190, 0.0146, 0.0216,  ..., 0.0132, 0.0000, 0.0000],
          [0.0189, 0.0137, 0.0213,  ..., 0.0129, 0.0135, 0.0000],
          [0.0187, 0.0129, 0.0200,  ..., 0.0125, 0.0132, 0.0134]],

         ...,

         [[1.0000, 0.0000, 0.0000,  ..., 0.0000, 0.0000, 0.0000],
          [0.6547, 0.3453, 0.0000,  ..., 0.0000, 0.0000, 0.0000],
          [0.4042, 0.3597, 0.2361,  ..., 0.0000, 0.0000, 0.0000],
          ...,
          [0.0149, 0.0260, 0.0112,  ..., 0.0132, 0.0000, 0.0000],
          [0.0157, 0.0255, 0.0115,  ..., 0.0129, 0.0123, 0.0000],
          [0.0165, 0.0235, 0.0122,  ..., 0.0128, 0.0120, 0.0112]],

         [[1.0000, 0.0000, 0.0000,  ..., 0.0000, 0.0000, 0.0000],
          [0.8009, 0.1991, 0.0000,  ..., 0.0000, 0.0000, 0.0000],
          [0.3346, 0.4488, 0.2166,  ..., 0.0000, 0.0000, 0.0000],
          ...,
          [0.0295, 0.0124, 0.0177,  ..., 0.0188, 0.0000, 0.0000],
          [0.0288, 0.0117, 0.0182,  ..., 0.0190, 0.0183, 0.0000],
          [0.0265, 0.0111, 0.0174,  ..., 0.0196, 0.0185, 0.0166]],

         [[1.0000, 0.0000, 0.0000,  ..., 0.0000, 0.0000, 0.0000],
          [0.3301, 0.6699, 0.0000,  ..., 0.0000, 0.0000, 0.0000],
          [0.3334, 0.2958, 0.3708,  ..., 0.0000, 0.0000, 0.0000],
          ...,
          [0.0223, 0.0132, 0.0257,  ..., 0.0108, 0.0000, 0.0000],
          [0.0226, 0.0140, 0.0263,  ..., 0.0110, 0.0108, 0.0000],
          [0.0210, 0.0146, 0.0281,  ..., 0.0112, 0.0110, 0.0114]]],


        ...,


        [[[1.0000, 0.0000, 0.0000,  ..., 0.0000, 0.0000, 0.0000],
          [0.7045, 0.2955, 0.0000,  ..., 0.0000, 0.0000, 0.0000],
          [0.4610, 0.2347, 0.3043,  ..., 0.0000, 0.0000, 0.0000],
          ...,
          [0.0102, 0.0037, 0.0086,  ..., 0.0166, 0.0000, 0.0000],
          [0.0086, 0.0038, 0.0087,  ..., 0.0165, 0.0192, 0.0000],
          [0.0072, 0.0037, 0.0080,  ..., 0.0165, 0.0192, 0.0217]],

         [[1.0000, 0.0000, 0.0000,  ..., 0.0000, 0.0000, 0.0000],
          [0.6694, 0.3306, 0.0000,  ..., 0.0000, 0.0000, 0.0000],
          [0.3080, 0.4096, 0.2824,  ..., 0.0000, 0.0000, 0.0000],
          ...,
          [0.0095, 0.0106, 0.0061,  ..., 0.0153, 0.0000, 0.0000],
          [0.0094, 0.0108, 0.0058,  ..., 0.0150, 0.0149, 0.0000],
          [0.0097, 0.0117, 0.0059,  ..., 0.0147, 0.0147, 0.0142]],

         [[1.0000, 0.0000, 0.0000,  ..., 0.0000, 0.0000, 0.0000],
          [0.5088, 0.4912, 0.0000,  ..., 0.0000, 0.0000, 0.0000],
          [0.2257, 0.3381, 0.4362,  ..., 0.0000, 0.0000, 0.0000],
          ...,
          [0.0207, 0.0159, 0.0333,  ..., 0.0144, 0.0000, 0.0000],
          [0.0207, 0.0150, 0.0348,  ..., 0.0142, 0.0148, 0.0000],
          [0.0207, 0.0142, 0.0355,  ..., 0.0138, 0.0145, 0.0148]],

         ...,

         [[1.0000, 0.0000, 0.0000,  ..., 0.0000, 0.0000, 0.0000],
          [0.6547, 0.3453, 0.0000,  ..., 0.0000, 0.0000, 0.0000],
          [0.4513, 0.2614, 0.2873,  ..., 0.0000, 0.0000, 0.0000],
          ...,
          [0.0176, 0.0308, 0.0174,  ..., 0.0156, 0.0000, 0.0000],
          [0.0184, 0.0299, 0.0174,  ..., 0.0151, 0.0145, 0.0000],
          [0.0193, 0.0275, 0.0166,  ..., 0.0150, 0.0141, 0.0132]],

         [[1.0000, 0.0000, 0.0000,  ..., 0.0000, 0.0000, 0.0000],
          [0.8009, 0.1991, 0.0000,  ..., 0.0000, 0.0000, 0.0000],
          [0.3064, 0.4645, 0.2291,  ..., 0.0000, 0.0000, 0.0000],
          ...,
          [0.0316, 0.0133, 0.0069,  ..., 0.0202, 0.0000, 0.0000],
          [0.0309, 0.0125, 0.0067,  ..., 0.0204, 0.0196, 0.0000],
          [0.0282, 0.0118, 0.0065,  ..., 0.0208, 0.0196, 0.0176]],

         [[1.0000, 0.0000, 0.0000,  ..., 0.0000, 0.0000, 0.0000],
          [0.3301, 0.6699, 0.0000,  ..., 0.0000, 0.0000, 0.0000],
          [0.3619, 0.4101, 0.2280,  ..., 0.0000, 0.0000, 0.0000],
          ...,
          [0.0235, 0.0139, 0.0407,  ..., 0.0114, 0.0000, 0.0000],
          [0.0235, 0.0145, 0.0401,  ..., 0.0114, 0.0112, 0.0000],
          [0.0213, 0.0149, 0.0399,  ..., 0.0114, 0.0112, 0.0116]]],


        [[[1.0000, 0.0000, 0.0000,  ..., 0.0000, 0.0000, 0.0000],
          [0.6442, 0.3558, 0.0000,  ..., 0.0000, 0.0000, 0.0000],
          [0.4779, 0.3090, 0.2131,  ..., 0.0000, 0.0000, 0.0000],
          ...,
          [0.0103, 0.0115, 0.0035,  ..., 0.0168, 0.0000, 0.0000],
          [0.0086, 0.0116, 0.0032,  ..., 0.0166, 0.0193, 0.0000],
          [0.0072, 0.0109, 0.0030,  ..., 0.0166, 0.0193, 0.0218]],

         [[1.0000, 0.0000, 0.0000,  ..., 0.0000, 0.0000, 0.0000],
          [0.6252, 0.3748, 0.0000,  ..., 0.0000, 0.0000, 0.0000],
          [0.1802, 0.5007, 0.3191,  ..., 0.0000, 0.0000, 0.0000],
          ...,
          [0.0092, 0.0098, 0.0189,  ..., 0.0147, 0.0000, 0.0000],
          [0.0090, 0.0101, 0.0213,  ..., 0.0144, 0.0143, 0.0000],
          [0.0093, 0.0097, 0.0244,  ..., 0.0141, 0.0141, 0.0136]],

         [[1.0000, 0.0000, 0.0000,  ..., 0.0000, 0.0000, 0.0000],
          [0.5261, 0.4739, 0.0000,  ..., 0.0000, 0.0000, 0.0000],
          [0.4172, 0.3745, 0.2082,  ..., 0.0000, 0.0000, 0.0000],
          ...,
          [0.0193, 0.0162, 0.0147,  ..., 0.0135, 0.0000, 0.0000],
          [0.0193, 0.0179, 0.0154,  ..., 0.0132, 0.0138, 0.0000],
          [0.0193, 0.0201, 0.0159,  ..., 0.0129, 0.0136, 0.0138]],

         ...,

         [[1.0000, 0.0000, 0.0000,  ..., 0.0000, 0.0000, 0.0000],
          [0.6557, 0.3443, 0.0000,  ..., 0.0000, 0.0000, 0.0000],
          [0.3352, 0.2837, 0.3811,  ..., 0.0000, 0.0000, 0.0000],
          ...,
          [0.0170, 0.0339, 0.0149,  ..., 0.0151, 0.0000, 0.0000],
          [0.0177, 0.0346, 0.0142,  ..., 0.0146, 0.0140, 0.0000],
          [0.0185, 0.0335, 0.0137,  ..., 0.0144, 0.0136, 0.0127]],

         [[1.0000, 0.0000, 0.0000,  ..., 0.0000, 0.0000, 0.0000],
          [0.5128, 0.4872, 0.0000,  ..., 0.0000, 0.0000, 0.0000],
          [0.3352, 0.2823, 0.3825,  ..., 0.0000, 0.0000, 0.0000],
          ...,
          [0.0303, 0.0165, 0.0138,  ..., 0.0194, 0.0000, 0.0000],
          [0.0296, 0.0163, 0.0131,  ..., 0.0196, 0.0188, 0.0000],
          [0.0270, 0.0151, 0.0113,  ..., 0.0199, 0.0188, 0.0169]],

         [[1.0000, 0.0000, 0.0000,  ..., 0.0000, 0.0000, 0.0000],
          [0.4617, 0.5383, 0.0000,  ..., 0.0000, 0.0000, 0.0000],
          [0.4105, 0.2722, 0.3173,  ..., 0.0000, 0.0000, 0.0000],
          ...,
          [0.0231, 0.0272, 0.0363,  ..., 0.0112, 0.0000, 0.0000],
          [0.0230, 0.0284, 0.0368,  ..., 0.0111, 0.0110, 0.0000],
          [0.0208, 0.0298, 0.0367,  ..., 0.0111, 0.0109, 0.0113]]],


        [[[1.0000, 0.0000, 0.0000,  ..., 0.0000, 0.0000, 0.0000],
          [0.4990, 0.5010, 0.0000,  ..., 0.0000, 0.0000, 0.0000],
          [0.4100, 0.3620, 0.2281,  ..., 0.0000, 0.0000, 0.0000],
          ...,
          [0.0106, 0.0166, 0.0099,  ..., 0.0172, 0.0000, 0.0000],
          [0.0088, 0.0162, 0.0094,  ..., 0.0170, 0.0197, 0.0000],
          [0.0073, 0.0157, 0.0089,  ..., 0.0168, 0.0196, 0.0221]],

         [[1.0000, 0.0000, 0.0000,  ..., 0.0000, 0.0000, 0.0000],
          [0.5564, 0.4436, 0.0000,  ..., 0.0000, 0.0000, 0.0000],
          [0.5452, 0.1733, 0.2815,  ..., 0.0000, 0.0000, 0.0000],
          ...,
          [0.0106, 0.0124, 0.0114,  ..., 0.0169, 0.0000, 0.0000],
          [0.0103, 0.0130, 0.0121,  ..., 0.0165, 0.0164, 0.0000],
          [0.0106, 0.0138, 0.0121,  ..., 0.0161, 0.0160, 0.0155]],

         [[1.0000, 0.0000, 0.0000,  ..., 0.0000, 0.0000, 0.0000],
          [0.2811, 0.7189, 0.0000,  ..., 0.0000, 0.0000, 0.0000],
          [0.2915, 0.2935, 0.4151,  ..., 0.0000, 0.0000, 0.0000],
          ...,
          [0.0198, 0.0170, 0.0194,  ..., 0.0138, 0.0000, 0.0000],
          [0.0194, 0.0174, 0.0192,  ..., 0.0133, 0.0139, 0.0000],
          [0.0191, 0.0174, 0.0190,  ..., 0.0128, 0.0134, 0.0137]],

         ...,

         [[1.0000, 0.0000, 0.0000,  ..., 0.0000, 0.0000, 0.0000],
          [0.5410, 0.4590, 0.0000,  ..., 0.0000, 0.0000, 0.0000],
          [0.3772, 0.2879, 0.3349,  ..., 0.0000, 0.0000, 0.0000],
          ...,
          [0.0174, 0.0124, 0.0255,  ..., 0.0154, 0.0000, 0.0000],
          [0.0181, 0.0121, 0.0251,  ..., 0.0149, 0.0142, 0.0000],
          [0.0188, 0.0115, 0.0256,  ..., 0.0146, 0.0138, 0.0128]],

         [[1.0000, 0.0000, 0.0000,  ..., 0.0000, 0.0000, 0.0000],
          [0.6909, 0.3091, 0.0000,  ..., 0.0000, 0.0000, 0.0000],
          [0.3331, 0.3327, 0.3342,  ..., 0.0000, 0.0000, 0.0000],
          ...,
          [0.0306, 0.0298, 0.0124,  ..., 0.0195, 0.0000, 0.0000],
          [0.0297, 0.0300, 0.0111,  ..., 0.0196, 0.0189, 0.0000],
          [0.0274, 0.0292, 0.0099,  ..., 0.0202, 0.0191, 0.0171]],

         [[1.0000, 0.0000, 0.0000,  ..., 0.0000, 0.0000, 0.0000],
          [0.7289, 0.2711, 0.0000,  ..., 0.0000, 0.0000, 0.0000],
          [0.1916, 0.1964, 0.6119,  ..., 0.0000, 0.0000, 0.0000],
          ...,
          [0.0213, 0.0175, 0.0240,  ..., 0.0103, 0.0000, 0.0000],
          [0.0217, 0.0151, 0.0252,  ..., 0.0105, 0.0104, 0.0000],
          [0.0202, 0.0132, 0.0260,  ..., 0.0108, 0.0106, 0.0109]]]],
       grad_fn=<SoftmaxBackward0>)
