output Size: torch.Size([32, 12, 64, 64])

output ID: tensor([[[[ 1.0597,    -inf,    -inf,  ...,    -inf,    -inf,    -inf],
          [ 0.4828,  0.5326,    -inf,  ...,    -inf,    -inf,    -inf],
          [ 0.3106,  0.4653, -0.2857,  ...,    -inf,    -inf,    -inf],
          ...,
          [ 0.5105,  1.1101,  0.2767,  ...,  0.9991,    -inf,    -inf],
          [ 0.2858,  1.0216,  0.2938,  ...,  0.9431,  1.0926,    -inf],
          [ 0.0432,  0.8990,  0.2556,  ...,  0.8743,  1.0288,  1.1496]],

         [[-0.8926,    -inf,    -inf,  ...,    -inf,    -inf,    -inf],
          [ 0.6887,  0.1740,    -inf,  ...,    -inf,    -inf,    -inf],
          [ 0.1328,  0.7381, -0.1254,  ...,    -inf,    -inf,    -inf],
          ...,
          [ 0.3294,  0.3821,  0.0508,  ...,  0.8019,    -inf,    -inf],
          [ 0.3481,  0.4566,  0.0883,  ...,  0.8188,  0.8113,    -inf],
          [ 0.4312,  0.5427,  0.2081,  ...,  0.8475,  0.8438,  0.8108]],

         [[ 0.5712,    -inf,    -inf,  ...,    -inf,    -inf,    -inf],
          [-0.3867,  0.0667,    -inf,  ...,    -inf,    -inf,    -inf],
          [ 0.2170,  0.5279,  0.3218,  ...,    -inf,    -inf,    -inf],
          ...,
          [ 0.1616, -0.1163, -0.4194,  ..., -0.1999,    -inf,    -inf],
          [ 0.1289, -0.1300, -0.4633,  ..., -0.2475, -0.2074,    -inf],
          [ 0.0822, -0.1716, -0.5894,  ..., -0.3194, -0.2696, -0.2502]],

         ...,

         [[ 0.1161,    -inf,    -inf,  ...,    -inf,    -inf,    -inf],
          [ 0.9261, -0.1755,    -inf,  ...,    -inf,    -inf,    -inf],
          [ 0.1444,  0.1414, -0.4427,  ...,    -inf,    -inf,    -inf],
          ...,
          [ 0.6919,  0.1011,  0.3291,  ...,  0.5716,    -inf,    -inf],
          [ 0.7627,  0.1935,  0.3512,  ...,  0.5673,  0.5224,    -inf],
          [ 0.8016,  0.2860,  0.3882,  ...,  0.5465,  0.4894,  0.4199]],

         [[ 0.2280,    -inf,    -inf,  ...,    -inf,    -inf,    -inf],
          [ 1.4923,  0.7634,    -inf,  ...,    -inf,    -inf,    -inf],
          [ 0.5526,  0.4196, -0.3061,  ...,    -inf,    -inf,    -inf],
          ...,
          [ 0.7270, -0.0865, -0.1890,  ...,  0.2800,    -inf,    -inf],
          [ 0.6970, -0.1717, -0.2005,  ...,  0.2830,  0.2423,    -inf],
          [ 0.6389, -0.1935, -0.2257,  ...,  0.3358,  0.2788,  0.1690]],

         [[-0.0315,    -inf,    -inf,  ...,    -inf,    -inf,    -inf],
          [-0.3434, -0.2984,    -inf,  ...,    -inf,    -inf,    -inf],
          [ 0.1568, -0.5392,  0.1638,  ...,    -inf,    -inf,    -inf],
          ...,
          [ 0.3503, -0.0081,  0.0725,  ..., -0.3756,    -inf,    -inf],
          [ 0.3995,  0.0659,  0.0955,  ..., -0.3257, -0.3388,    -inf],
          [ 0.3663,  0.1545,  0.0914,  ..., -0.2620, -0.2803, -0.2479]]],


        [[[ 1.0597,    -inf,    -inf,  ...,    -inf,    -inf,    -inf],
          [ 1.0991,  0.2302,    -inf,  ...,    -inf,    -inf,    -inf],
          [ 0.7877,  0.5334,  0.5033,  ...,    -inf,    -inf,    -inf],
          ...,
          [ 0.5105, -0.4919, -0.1141,  ...,  0.9991,    -inf,    -inf],
          [ 0.2858, -0.5221, -0.1355,  ...,  0.9431,  1.0926,    -inf],
          [ 0.0432, -0.6083, -0.1940,  ...,  0.8743,  1.0288,  1.1496]],

         [[-0.8926,    -inf,    -inf,  ...,    -inf,    -inf,    -inf],
          [ 0.6191, -0.0864,    -inf,  ...,    -inf,    -inf,    -inf],
          [-0.8250, -0.3560,  0.2877,  ...,    -inf,    -inf,    -inf],
          ...,
          [ 0.3294,  0.4391,  0.6755,  ...,  0.8019,    -inf,    -inf],
          [ 0.3481,  0.4861,  0.7398,  ...,  0.8188,  0.8113,    -inf],
          [ 0.4312,  0.6210,  0.8762,  ...,  0.8475,  0.8438,  0.8108]],

         [[ 0.5712,    -inf,    -inf,  ...,    -inf,    -inf,    -inf],
          [-0.3880, -0.4231,    -inf,  ...,    -inf,    -inf,    -inf],
          [ 0.3598,  0.3747, -0.3385,  ...,    -inf,    -inf,    -inf],
          ...,
          [ 0.1616, -0.1031, -0.5579,  ..., -0.1999,    -inf,    -inf],
          [ 0.1289, -0.1903, -0.6103,  ..., -0.2475, -0.2074,    -inf],
          [ 0.0822, -0.2914, -0.6522,  ..., -0.3194, -0.2696, -0.2502]],

         ...,

         [[ 0.1161,    -inf,    -inf,  ...,    -inf,    -inf,    -inf],
          [-0.1120, -0.7516,    -inf,  ...,    -inf,    -inf,    -inf],
          [ 0.3954,  0.4933, -0.1813,  ...,    -inf,    -inf,    -inf],
          ...,
          [ 0.6919,  1.2536,  1.0862,  ...,  0.5716,    -inf,    -inf],
          [ 0.7627,  1.2472,  1.0894,  ...,  0.5673,  0.5224,    -inf],
          [ 0.8016,  1.1554,  1.1195,  ...,  0.5465,  0.4894,  0.4199]],

         [[ 0.2280,    -inf,    -inf,  ...,    -inf,    -inf,    -inf],
          [ 1.4381,  0.0463,    -inf,  ...,    -inf,    -inf,    -inf],
          [ 0.5126,  0.5212, -0.1737,  ...,    -inf,    -inf,    -inf],
          ...,
          [ 0.7270, -0.1368,  0.3860,  ...,  0.2800,    -inf,    -inf],
          [ 0.6970, -0.2058,  0.3448,  ...,  0.2830,  0.2423,    -inf],
          [ 0.6389, -0.2309,  0.2780,  ...,  0.3358,  0.2788,  0.1690]],

         [[-0.0315,    -inf,    -inf,  ...,    -inf,    -inf,    -inf],
          [-0.8697, -0.1619,    -inf,  ...,    -inf,    -inf,    -inf],
          [-0.1193, -0.0483,  0.8489,  ...,    -inf,    -inf,    -inf],
          ...,
          [ 0.3503, -0.1772,  0.1162,  ..., -0.3756,    -inf,    -inf],
          [ 0.3995, -0.0788,  0.1418,  ..., -0.3257, -0.3388,    -inf],
          [ 0.3663,  0.0036,  0.1433,  ..., -0.2620, -0.2803, -0.2479]]],


        [[[ 1.0597,    -inf,    -inf,  ...,    -inf,    -inf,    -inf],
          [ 1.0991,  0.2302,    -inf,  ...,    -inf,    -inf,    -inf],
          [ 1.0748,  0.6310,  0.2523,  ...,    -inf,    -inf,    -inf],
          ...,
          [ 0.5105, -0.4919,  0.6067,  ...,  0.9991,    -inf,    -inf],
          [ 0.2858, -0.5221,  0.5090,  ...,  0.9431,  1.0926,    -inf],
          [ 0.0432, -0.6083,  0.4168,  ...,  0.8743,  1.0288,  1.1496]],

         [[-0.8926,    -inf,    -inf,  ...,    -inf,    -inf,    -inf],
          [ 0.6191, -0.0864,    -inf,  ...,    -inf,    -inf,    -inf],
          [ 0.1654,  0.2493,  0.3844,  ...,    -inf,    -inf,    -inf],
          ...,
          [ 0.3294,  0.4391,  0.6033,  ...,  0.8019,    -inf,    -inf],
          [ 0.3481,  0.4861,  0.6575,  ...,  0.8188,  0.8113,    -inf],
          [ 0.4312,  0.6210,  0.7479,  ...,  0.8475,  0.8438,  0.8108]],

         [[ 0.5712,    -inf,    -inf,  ...,    -inf,    -inf,    -inf],
          [-0.3880, -0.4231,    -inf,  ...,    -inf,    -inf,    -inf],
          [ 0.2084,  0.3879,  0.4093,  ...,    -inf,    -inf,    -inf],
          ...,
          [ 0.1616, -0.1031,  0.2888,  ..., -0.1999,    -inf,    -inf],
          [ 0.1289, -0.1903,  0.2483,  ..., -0.2475, -0.2074,    -inf],
          [ 0.0822, -0.2914,  0.1458,  ..., -0.3194, -0.2696, -0.2502]],

         ...,

         [[ 0.1161,    -inf,    -inf,  ...,    -inf,    -inf,    -inf],
          [-0.1120, -0.7516,    -inf,  ...,    -inf,    -inf,    -inf],
          [ 0.2897,  0.1730, -0.2479,  ...,    -inf,    -inf,    -inf],
          ...,
          [ 0.6919,  1.2536,  0.4086,  ...,  0.5716,    -inf,    -inf],
          [ 0.7627,  1.2472,  0.4516,  ...,  0.5673,  0.5224,    -inf],
          [ 0.8016,  1.1554,  0.5015,  ...,  0.5465,  0.4894,  0.4199]],

         [[ 0.2280,    -inf,    -inf,  ...,    -inf,    -inf,    -inf],
          [ 1.4381,  0.0463,    -inf,  ...,    -inf,    -inf,    -inf],
          [ 0.2375,  0.5312, -0.1974,  ...,    -inf,    -inf,    -inf],
          ...,
          [ 0.7270, -0.1368,  0.2169,  ...,  0.2800,    -inf,    -inf],
          [ 0.6970, -0.2058,  0.2357,  ...,  0.2830,  0.2423,    -inf],
          [ 0.6389, -0.2309,  0.2203,  ...,  0.3358,  0.2788,  0.1690]],

         [[-0.0315,    -inf,    -inf,  ...,    -inf,    -inf,    -inf],
          [-0.8697, -0.1619,    -inf,  ...,    -inf,    -inf,    -inf],
          [-0.1691, -0.2888, -0.0627,  ...,    -inf,    -inf,    -inf],
          ...,
          [ 0.3503, -0.1772,  0.4907,  ..., -0.3756,    -inf,    -inf],
          [ 0.3995, -0.0788,  0.5496,  ..., -0.3257, -0.3388,    -inf],
          [ 0.3663,  0.0036,  0.6581,  ..., -0.2620, -0.2803, -0.2479]]],


        ...,


        [[[ 1.0597,    -inf,    -inf,  ...,    -inf,    -inf,    -inf],
          [ 1.0991,  0.2302,    -inf,  ...,    -inf,    -inf,    -inf],
          [ 1.1542,  0.4791,  0.7387,  ...,    -inf,    -inf,    -inf],
          ...,
          [ 0.5105, -0.4919,  0.3361,  ...,  0.9991,    -inf,    -inf],
          [ 0.2858, -0.5221,  0.2966,  ...,  0.9431,  1.0926,    -inf],
          [ 0.0432, -0.6083,  0.1495,  ...,  0.8743,  1.0288,  1.1496]],

         [[-0.8926,    -inf,    -inf,  ...,    -inf,    -inf,    -inf],
          [ 0.6191, -0.0864,    -inf,  ...,    -inf,    -inf,    -inf],
          [-0.9033, -0.6182, -0.9902,  ...,    -inf,    -inf,    -inf],
          ...,
          [ 0.3294,  0.4391, -0.1155,  ...,  0.8019,    -inf,    -inf],
          [ 0.3481,  0.4861, -0.1390,  ...,  0.8188,  0.8113,    -inf],
          [ 0.4312,  0.6210, -0.0733,  ...,  0.8475,  0.8438,  0.8108]],

         [[ 0.5712,    -inf,    -inf,  ...,    -inf,    -inf,    -inf],
          [-0.3880, -0.4231,    -inf,  ...,    -inf,    -inf,    -inf],
          [-0.1758,  0.2283,  0.4829,  ...,    -inf,    -inf,    -inf],
          ...,
          [ 0.1616, -0.1031,  0.6361,  ..., -0.1999,    -inf,    -inf],
          [ 0.1289, -0.1903,  0.6472,  ..., -0.2475, -0.2074,    -inf],
          [ 0.0822, -0.2914,  0.6211,  ..., -0.3194, -0.2696, -0.2502]],

         ...,

         [[ 0.1161,    -inf,    -inf,  ...,    -inf,    -inf,    -inf],
          [-0.1120, -0.7516,    -inf,  ...,    -inf,    -inf,    -inf],
          [ 0.8901,  0.3438,  0.4383,  ...,    -inf,    -inf,    -inf],
          ...,
          [ 0.6919,  1.2536,  0.6788,  ...,  0.5716,    -inf,    -inf],
          [ 0.7627,  1.2472,  0.7063,  ...,  0.5673,  0.5224,    -inf],
          [ 0.8016,  1.1554,  0.6503,  ...,  0.5465,  0.4894,  0.4199]],

         [[ 0.2280,    -inf,    -inf,  ...,    -inf,    -inf,    -inf],
          [ 1.4381,  0.0463,    -inf,  ...,    -inf,    -inf,    -inf],
          [ 0.4654,  0.8814,  0.1748,  ...,    -inf,    -inf,    -inf],
          ...,
          [ 0.7270, -0.1368, -0.7877,  ...,  0.2800,    -inf,    -inf],
          [ 0.6970, -0.2058, -0.8311,  ...,  0.2830,  0.2423,    -inf],
          [ 0.6389, -0.2309, -0.8279,  ...,  0.3358,  0.2788,  0.1690]],

         [[-0.0315,    -inf,    -inf,  ...,    -inf,    -inf,    -inf],
          [-0.8697, -0.1619,    -inf,  ...,    -inf,    -inf,    -inf],
          [ 0.3050,  0.4300, -0.1571,  ...,    -inf,    -inf,    -inf],
          ...,
          [ 0.3503, -0.1772,  0.8982,  ..., -0.3756,    -inf,    -inf],
          [ 0.3995, -0.0788,  0.9366,  ..., -0.3257, -0.3388,    -inf],
          [ 0.3663,  0.0036,  0.9909,  ..., -0.2620, -0.2803, -0.2479]]],


        [[[ 1.0597,    -inf,    -inf,  ...,    -inf,    -inf,    -inf],
          [ 0.6334,  0.0398,    -inf,  ...,    -inf,    -inf,    -inf],
          [ 0.2352, -0.2009, -0.5727,  ...,    -inf,    -inf,    -inf],
          ...,
          [ 0.5105,  0.6204, -0.5597,  ...,  0.9991,    -inf,    -inf],
          [ 0.2858,  0.5845, -0.6924,  ...,  0.9431,  1.0926,    -inf],
          [ 0.0432,  0.4528, -0.8342,  ...,  0.8743,  1.0288,  1.1496]],

         [[-0.8926,    -inf,    -inf,  ...,    -inf,    -inf,    -inf],
          [ 0.7197,  0.2081,    -inf,  ...,    -inf,    -inf,    -inf],
          [-0.1612,  0.8609,  0.4102,  ...,    -inf,    -inf,    -inf],
          ...,
          [ 0.3294,  0.3944,  1.0536,  ...,  0.8019,    -inf,    -inf],
          [ 0.3481,  0.4561,  1.2074,  ...,  0.8188,  0.8113,    -inf],
          [ 0.4312,  0.4720,  1.3935,  ...,  0.8475,  0.8438,  0.8108]],

         [[ 0.5712,    -inf,    -inf,  ...,    -inf,    -inf,    -inf],
          [ 0.6969,  0.5925,    -inf,  ...,    -inf,    -inf,    -inf],
          [ 0.4006,  0.2926, -0.2944,  ...,    -inf,    -inf,    -inf],
          ...,
          [ 0.1616, -0.0127, -0.1111,  ..., -0.1999,    -inf,    -inf],
          [ 0.1289,  0.0564, -0.0941,  ..., -0.2475, -0.2074,    -inf],
          [ 0.0822,  0.1240, -0.1121,  ..., -0.3194, -0.2696, -0.2502]],

         ...,

         [[ 0.1161,    -inf,    -inf,  ...,    -inf,    -inf,    -inf],
          [ 0.1220, -0.5221,    -inf,  ...,    -inf,    -inf,    -inf],
          [ 0.4519,  0.2851,  0.5800,  ...,    -inf,    -inf,    -inf],
          ...,
          [ 0.6919,  1.3795,  0.5551,  ...,  0.5716,    -inf,    -inf],
          [ 0.7627,  1.4296,  0.5383,  ...,  0.5673,  0.5224,    -inf],
          [ 0.8016,  1.3934,  0.4959,  ...,  0.5465,  0.4894,  0.4199]],

         [[ 0.2280,    -inf,    -inf,  ...,    -inf,    -inf,    -inf],
          [ 1.3680,  1.3168,    -inf,  ...,    -inf,    -inf,    -inf],
          [ 0.2333,  0.0618,  0.3653,  ...,    -inf,    -inf,    -inf],
          ...,
          [ 0.7270,  0.1153, -0.0595,  ...,  0.2800,    -inf,    -inf],
          [ 0.6970,  0.1019, -0.1176,  ...,  0.2830,  0.2423,    -inf],
          [ 0.6389,  0.0613, -0.2311,  ...,  0.3358,  0.2788,  0.1690]],

         [[-0.0315,    -inf,    -inf,  ...,    -inf,    -inf,    -inf],
          [ 0.5856,  0.7392,    -inf,  ...,    -inf,    -inf,    -inf],
          [ 0.3818, -0.0290,  0.1241,  ...,    -inf,    -inf,    -inf],
          ...,
          [ 0.3503,  0.5131,  0.8000,  ..., -0.3756,    -inf,    -inf],
          [ 0.3995,  0.6103,  0.8703,  ..., -0.3257, -0.3388,    -inf],
          [ 0.3663,  0.7253,  0.9319,  ..., -0.2620, -0.2803, -0.2479]]],


        [[[ 1.0597,    -inf,    -inf,  ...,    -inf,    -inf,    -inf],
          [ 0.5648,  0.5689,    -inf,  ...,    -inf,    -inf,    -inf],
          [ 0.6769,  0.5524,  0.0904,  ...,    -inf,    -inf,    -inf],
          ...,
          [ 0.5105,  0.9601,  0.4443,  ...,  0.9991,    -inf,    -inf],
          [ 0.2858,  0.8979,  0.3563,  ...,  0.9431,  1.0926,    -inf],
          [ 0.0432,  0.8075,  0.2376,  ...,  0.8743,  1.0288,  1.1496]],

         [[-0.8926,    -inf,    -inf,  ...,    -inf,    -inf,    -inf],
          [ 0.2986,  0.0721,    -inf,  ...,    -inf,    -inf,    -inf],
          [ 0.5471, -0.5992, -0.1141,  ...,    -inf,    -inf,    -inf],
          ...,
          [ 0.3294,  0.4869,  0.4054,  ...,  0.8019,    -inf,    -inf],
          [ 0.3481,  0.5829,  0.5068,  ...,  0.8188,  0.8113,    -inf],
          [ 0.4312,  0.6936,  0.5631,  ...,  0.8475,  0.8438,  0.8108]],

         [[ 0.5712,    -inf,    -inf,  ...,    -inf,    -inf,    -inf],
          [-0.5598,  0.3795,    -inf,  ...,    -inf,    -inf,    -inf],
          [ 0.2768,  0.2838,  0.6304,  ...,    -inf,    -inf,    -inf],
          ...,
          [ 0.1616,  0.0110,  0.1413,  ..., -0.1999,    -inf,    -inf],
          [ 0.1289,  0.0189,  0.1192,  ..., -0.2475, -0.2074,    -inf],
          [ 0.0822, -0.0105,  0.0778,  ..., -0.3194, -0.2696, -0.2502]],

         ...,

         [[ 0.1161,    -inf,    -inf,  ...,    -inf,    -inf,    -inf],
          [ 0.1225, -0.0418,    -inf,  ...,    -inf,    -inf,    -inf],
          [-0.0448, -0.3151, -0.1636,  ...,    -inf,    -inf,    -inf],
          ...,
          [ 0.6919,  0.3519,  1.0750,  ...,  0.5716,    -inf,    -inf],
          [ 0.7627,  0.3608,  1.0890,  ...,  0.5673,  0.5224,    -inf],
          [ 0.8016,  0.3068,  1.1112,  ...,  0.5465,  0.4894,  0.4199]],

         [[ 0.2280,    -inf,    -inf,  ...,    -inf,    -inf,    -inf],
          [ 0.6442, -0.1601,    -inf,  ...,    -inf,    -inf,    -inf],
          [-0.5270, -0.5284, -0.5236,  ...,    -inf,    -inf,    -inf],
          ...,
          [ 0.7270,  0.7021, -0.1729,  ...,  0.2800,    -inf,    -inf],
          [ 0.6970,  0.7063, -0.2848,  ...,  0.2830,  0.2423,    -inf],
          [ 0.6389,  0.7039, -0.3764,  ...,  0.3358,  0.2788,  0.1690]],

         [[-0.0315,    -inf,    -inf,  ...,    -inf,    -inf,    -inf],
          [ 0.4846, -0.5044,    -inf,  ...,    -inf,    -inf,    -inf],
          [ 0.3228,  0.3476,  1.4838,  ...,    -inf,    -inf,    -inf],
          ...,
          [ 0.3503,  0.1515,  0.4681,  ..., -0.3756,    -inf,    -inf],
          [ 0.3995,  0.0381,  0.5495,  ..., -0.3257, -0.3388,    -inf],
          [ 0.3663, -0.0608,  0.6179,  ..., -0.2620, -0.2803, -0.2479]]]],
       grad_fn=<MaskedFillBackward0>)
