output Size: torch.Size([32, 12, 64, 42])

output ID: tensor([[[[-4.6720e-01,  8.7888e-03,  1.5349e-01,  ...,  4.2462e-01,
            1.9288e-01, -4.7772e-01],
          [-8.6205e-01,  6.9223e-01, -2.2786e-01,  ..., -6.2593e-02,
            1.3697e-01, -9.2528e-02],
          [-9.4239e-01,  1.7622e-01,  3.7863e-01,  ...,  6.1928e-02,
           -2.6405e-01, -6.7280e-02],
          ...,
          [-9.8813e-01,  3.9073e-01,  1.9136e-01,  ..., -7.2192e-01,
            1.6577e+00, -7.1216e-01],
          [-1.1169e+00,  2.6034e-01,  2.9969e-02,  ..., -7.7296e-01,
            1.7045e+00, -7.6140e-01],
          [-1.1256e+00,  1.7399e-01, -1.6099e-01,  ..., -7.8882e-01,
            1.7360e+00, -8.0991e-01]],

         [[-2.1421e-02,  5.5745e-02,  4.2693e-01,  ..., -3.0371e-01,
            2.1662e-01, -8.7937e-01],
          [ 4.3045e-01, -5.5119e-01, -5.7055e-01,  ...,  1.1152e+00,
            6.6997e-01,  5.2312e-01],
          [ 8.0314e-02,  2.7129e-01, -7.7150e-01,  ...,  3.0928e-01,
            1.3955e+00, -4.2893e-01],
          ...,
          [-8.9911e-01, -6.8068e-01,  4.7462e-01,  ..., -4.0181e-01,
           -2.6684e-01,  2.3914e-01],
          [-1.0288e+00, -6.2582e-01,  4.8918e-01,  ..., -4.5426e-01,
           -2.1091e-01,  1.3169e-01],
          [-1.1740e+00, -6.7912e-01,  5.4338e-01,  ..., -5.1980e-01,
           -1.3996e-02, -1.3356e-02]],

         [[ 6.3843e-01, -4.0877e-01,  1.6473e-01,  ...,  1.8939e-01,
           -1.9216e-01, -2.8269e-04],
          [ 2.6774e-01,  3.5064e-01,  6.9746e-01,  ...,  2.7771e-01,
           -8.6266e-01,  1.0471e+00],
          [ 2.8649e-01, -2.0085e-01,  3.3716e-01,  ...,  6.2256e-01,
            4.0188e-01, -5.0430e-01],
          ...,
          [-1.1639e-01,  6.0650e-01, -4.6870e-01,  ...,  6.6566e-01,
           -8.9468e-01, -2.8165e-01],
          [-5.2721e-02,  4.7757e-01, -2.3106e-01,  ...,  6.6374e-01,
           -8.1682e-01, -3.5364e-01],
          [-9.9278e-02,  4.0698e-01, -4.5294e-02,  ...,  7.1749e-01,
           -7.1216e-01, -4.4047e-01]],

         ...,

         [[ 5.1555e-01,  7.3879e-01,  5.4815e-02,  ..., -5.1944e-01,
           -1.9881e-01,  2.7219e-01],
          [ 3.4318e-01, -1.0128e-01, -4.4347e-01,  ..., -1.2979e-02,
           -5.3325e-01, -1.4777e-01],
          [ 9.6440e-03,  5.5224e-01, -1.2052e+00,  ...,  2.5647e-01,
           -1.3215e+00, -8.6948e-02],
          ...,
          [ 2.8566e-01, -1.3226e+00,  3.1912e-01,  ..., -2.9461e-01,
            3.0363e-01,  2.1138e-02],
          [ 3.1302e-01, -1.2634e+00,  1.6126e-01,  ..., -2.5327e-01,
            2.1183e-01, -1.2038e-01],
          [ 3.2528e-01, -1.1698e+00, -4.4206e-02,  ..., -3.6461e-01,
            1.5709e-01, -2.3724e-01]],

         [[-1.1121e+00,  4.4655e-01, -3.5862e-01,  ..., -4.8790e-01,
           -7.6991e-02, -1.1376e-01],
          [-5.1642e-02, -4.5289e-02, -9.8676e-01,  ..., -2.2905e-01,
           -2.3415e-01, -6.5167e-01],
          [-9.8936e-01, -4.9354e-01, -5.5399e-01,  ..., -9.0428e-01,
           -7.9880e-01,  1.4287e+00],
          ...,
          [-9.3360e-01,  2.7295e-01,  7.9222e-01,  ..., -8.6107e-01,
            7.3785e-02, -7.0500e-01],
          [-1.0593e+00,  3.4528e-01,  9.6717e-01,  ..., -9.2460e-01,
            1.2478e-01, -8.5847e-01],
          [-1.1313e+00,  3.4535e-01,  1.0699e+00,  ..., -9.7141e-01,
            1.3776e-01, -9.3792e-01]],

         [[ 5.7571e-01, -5.2770e-01,  7.1945e-02,  ..., -3.6862e-02,
           -6.1722e-01,  2.3380e-01],
          [-4.6533e-01,  6.8102e-01, -2.6515e-01,  ..., -6.7808e-02,
           -7.8934e-01, -4.0586e-01],
          [-6.0590e-01,  5.8538e-01,  2.9928e-01,  ..., -3.5368e-01,
           -1.0440e-01,  5.4383e-02],
          ...,
          [-7.7103e-01, -4.8803e-01,  3.9489e-01,  ..., -7.5024e-01,
           -2.2492e-01, -2.0258e-01],
          [-8.1122e-01, -3.5746e-01,  4.3067e-01,  ..., -8.3622e-01,
           -1.6865e-01, -2.2890e-01],
          [-9.3056e-01, -2.7395e-01,  4.6846e-01,  ..., -9.4333e-01,
           -7.3028e-02, -2.4277e-01]]],


        [[[-4.6720e-01,  8.7888e-03,  1.5349e-01,  ...,  4.2462e-01,
            1.9288e-01, -4.7772e-01],
          [-9.6056e-01,  7.0794e-02,  2.4176e-01,  ...,  3.3116e-02,
           -2.1108e-01, -7.2377e-02],
          [ 2.7963e-01,  8.3990e-01, -2.1442e-02,  ...,  1.1559e-01,
            4.0283e-01, -9.2372e-01],
          ...,
          [-9.8813e-01,  3.9073e-01,  1.9136e-01,  ..., -7.2192e-01,
            1.6577e+00, -7.1216e-01],
          [-1.1169e+00,  2.6034e-01,  2.9969e-02,  ..., -7.7296e-01,
            1.7045e+00, -7.6140e-01],
          [-1.1256e+00,  1.7399e-01, -1.6099e-01,  ..., -7.8882e-01,
            1.7360e+00, -8.0991e-01]],

         [[-2.1421e-02,  5.5745e-02,  4.2693e-01,  ..., -3.0371e-01,
            2.1662e-01, -8.7937e-01],
          [ 5.0575e-02,  3.4930e-01, -7.3737e-01,  ...,  2.0930e-01,
            1.3044e+00, -5.0009e-01],
          [-1.1312e+00, -4.8570e-01, -2.0512e-01,  ...,  9.0792e-01,
           -8.6709e-02,  7.7018e-01],
          ...,
          [-8.9911e-01, -6.8068e-01,  4.7462e-01,  ..., -4.0181e-01,
           -2.6684e-01,  2.3914e-01],
          [-1.0288e+00, -6.2582e-01,  4.8918e-01,  ..., -4.5426e-01,
           -2.1091e-01,  1.3169e-01],
          [-1.1740e+00, -6.7912e-01,  5.4338e-01,  ..., -5.1980e-01,
           -1.3996e-02, -1.3356e-02]],

         [[ 6.3843e-01, -4.0877e-01,  1.6473e-01,  ...,  1.8939e-01,
           -1.9216e-01, -2.8269e-04],
          [ 1.8833e-01, -2.0181e-01,  2.4079e-01,  ...,  4.7770e-01,
            5.1369e-01, -3.4703e-01],
          [-1.6245e-01, -2.2551e-01, -1.1138e-01,  ...,  2.9324e-01,
           -1.7126e+00, -1.4902e+00],
          ...,
          [-1.1639e-01,  6.0650e-01, -4.6870e-01,  ...,  6.6566e-01,
           -8.9468e-01, -2.8165e-01],
          [-5.2721e-02,  4.7757e-01, -2.3106e-01,  ...,  6.6374e-01,
           -8.1682e-01, -3.5364e-01],
          [-9.9278e-02,  4.0698e-01, -4.5294e-02,  ...,  7.1749e-01,
           -7.1216e-01, -4.4047e-01]],

         ...,

         [[ 5.1555e-01,  7.3879e-01,  5.4815e-02,  ..., -5.1944e-01,
           -1.9881e-01,  2.7219e-01],
          [-1.1557e-01,  5.6850e-01, -1.0499e+00,  ...,  1.4975e-01,
           -1.3625e+00, -1.9882e-01],
          [ 9.2722e-01, -1.7972e-01, -9.3431e-01,  ...,  9.9965e-01,
            1.2079e+00,  1.1789e+00],
          ...,
          [ 2.8566e-01, -1.3226e+00,  3.1912e-01,  ..., -2.9461e-01,
            3.0363e-01,  2.1138e-02],
          [ 3.1302e-01, -1.2634e+00,  1.6126e-01,  ..., -2.5327e-01,
            2.1183e-01, -1.2038e-01],
          [ 3.2528e-01, -1.1698e+00, -4.4206e-02,  ..., -3.6461e-01,
            1.5709e-01, -2.3724e-01]],

         [[-1.1121e+00,  4.4655e-01, -3.5862e-01,  ..., -4.8790e-01,
           -7.6991e-02, -1.1376e-01],
          [-9.9434e-01, -4.2760e-01, -5.9385e-01,  ..., -9.1081e-01,
           -8.9213e-01,  1.3493e+00],
          [-4.6836e-01,  1.0804e+00, -9.2609e-01,  ...,  3.7123e-01,
            3.5497e-01,  2.0348e-01],
          ...,
          [-9.3360e-01,  2.7295e-01,  7.9222e-01,  ..., -8.6107e-01,
            7.3785e-02, -7.0500e-01],
          [-1.0593e+00,  3.4528e-01,  9.6717e-01,  ..., -9.2460e-01,
            1.2478e-01, -8.5847e-01],
          [-1.1313e+00,  3.4535e-01,  1.0699e+00,  ..., -9.7141e-01,
            1.3776e-01, -9.3792e-01]],

         [[ 5.7571e-01, -5.2770e-01,  7.1945e-02,  ..., -3.6862e-02,
           -6.1722e-01,  2.3380e-01],
          [-6.5175e-01,  4.8720e-01,  2.8171e-01,  ..., -3.9542e-01,
           -7.6363e-02,  7.8850e-02],
          [ 1.1013e-01,  6.8795e-01, -8.3235e-01,  ..., -2.4681e-01,
           -6.7031e-01,  2.8687e-01],
          ...,
          [-7.7103e-01, -4.8803e-01,  3.9489e-01,  ..., -7.5024e-01,
           -2.2492e-01, -2.0258e-01],
          [-8.1122e-01, -3.5746e-01,  4.3067e-01,  ..., -8.3622e-01,
           -1.6865e-01, -2.2890e-01],
          [-9.3056e-01, -2.7395e-01,  4.6846e-01,  ..., -9.4333e-01,
           -7.3028e-02, -2.4277e-01]]],


        [[[-4.6720e-01,  8.7888e-03,  1.5349e-01,  ...,  4.2462e-01,
            1.9288e-01, -4.7772e-01],
          [-8.8098e-01,  6.0912e-01,  4.9179e-01,  ..., -4.8579e-01,
           -3.6572e-01, -8.7869e-01],
          [-7.0808e-01,  1.8360e+00,  5.7876e-01,  ...,  3.5577e-01,
            2.1441e-01, -5.8333e-01],
          ...,
          [-9.8813e-01,  3.9073e-01,  1.9136e-01,  ..., -7.2192e-01,
            1.6577e+00, -7.1216e-01],
          [-1.1169e+00,  2.6034e-01,  2.9969e-02,  ..., -7.7296e-01,
            1.7045e+00, -7.6140e-01],
          [-1.1256e+00,  1.7399e-01, -1.6099e-01,  ..., -7.8882e-01,
            1.7360e+00, -8.0991e-01]],

         [[-2.1421e-02,  5.5745e-02,  4.2693e-01,  ..., -3.0371e-01,
            2.1662e-01, -8.7937e-01],
          [ 2.2544e-01, -2.4618e-01, -7.1743e-01,  ...,  1.1048e+00,
            4.9553e-01, -1.3391e+00],
          [ 7.3109e-01,  3.3848e-01, -9.5739e-01,  ...,  7.4610e-01,
            3.1942e-01, -2.4479e-01],
          ...,
          [-8.9911e-01, -6.8068e-01,  4.7462e-01,  ..., -4.0181e-01,
           -2.6684e-01,  2.3914e-01],
          [-1.0288e+00, -6.2582e-01,  4.8918e-01,  ..., -4.5426e-01,
           -2.1091e-01,  1.3169e-01],
          [-1.1740e+00, -6.7912e-01,  5.4338e-01,  ..., -5.1980e-01,
           -1.3996e-02, -1.3356e-02]],

         [[ 6.3843e-01, -4.0877e-01,  1.6473e-01,  ...,  1.8939e-01,
           -1.9216e-01, -2.8269e-04],
          [-1.2051e-01,  3.0545e-01,  3.6349e-01,  ..., -2.0843e-01,
           -6.4441e-02,  9.4008e-02],
          [-3.7944e-01,  7.2088e-01, -3.6982e-01,  ...,  1.1366e+00,
            3.1066e-01, -3.6010e-01],
          ...,
          [-1.1639e-01,  6.0650e-01, -4.6870e-01,  ...,  6.6566e-01,
           -8.9468e-01, -2.8165e-01],
          [-5.2721e-02,  4.7757e-01, -2.3106e-01,  ...,  6.6374e-01,
           -8.1682e-01, -3.5364e-01],
          [-9.9278e-02,  4.0698e-01, -4.5294e-02,  ...,  7.1749e-01,
           -7.1216e-01, -4.4047e-01]],

         ...,

         [[ 5.1555e-01,  7.3879e-01,  5.4815e-02,  ..., -5.1944e-01,
           -1.9881e-01,  2.7219e-01],
          [-1.1337e+00,  1.7015e-01, -1.2379e-01,  ...,  4.7327e-01,
           -1.0891e+00, -2.4422e-02],
          [ 3.3366e-01,  8.9936e-01,  5.6227e-01,  ...,  5.2327e-01,
           -8.8421e-01,  7.3948e-01],
          ...,
          [ 2.8566e-01, -1.3226e+00,  3.1912e-01,  ..., -2.9461e-01,
            3.0363e-01,  2.1138e-02],
          [ 3.1302e-01, -1.2634e+00,  1.6126e-01,  ..., -2.5327e-01,
            2.1183e-01, -1.2038e-01],
          [ 3.2528e-01, -1.1698e+00, -4.4206e-02,  ..., -3.6461e-01,
            1.5709e-01, -2.3724e-01]],

         [[-1.1121e+00,  4.4655e-01, -3.5862e-01,  ..., -4.8790e-01,
           -7.6991e-02, -1.1376e-01],
          [-5.0950e-01,  1.9178e-01, -1.0396e+00,  ..., -9.6859e-01,
           -9.3821e-01, -5.6444e-01],
          [-5.2029e-01,  5.5415e-02, -2.4922e+00,  ..., -1.7271e+00,
            5.2542e-01,  7.4160e-01],
          ...,
          [-9.3360e-01,  2.7295e-01,  7.9222e-01,  ..., -8.6107e-01,
            7.3785e-02, -7.0500e-01],
          [-1.0593e+00,  3.4528e-01,  9.6717e-01,  ..., -9.2460e-01,
            1.2478e-01, -8.5847e-01],
          [-1.1313e+00,  3.4535e-01,  1.0699e+00,  ..., -9.7141e-01,
            1.3776e-01, -9.3792e-01]],

         [[ 5.7571e-01, -5.2770e-01,  7.1945e-02,  ..., -3.6862e-02,
           -6.1722e-01,  2.3380e-01],
          [-1.1820e+00,  1.5597e-01, -8.8073e-01,  ..., -2.5910e-01,
           -1.0460e+00,  4.8407e-02],
          [ 1.9092e-01,  1.1759e+00, -6.4830e-02,  ...,  9.0269e-01,
           -1.8218e-01,  6.0641e-01],
          ...,
          [-7.7103e-01, -4.8803e-01,  3.9489e-01,  ..., -7.5024e-01,
           -2.2492e-01, -2.0258e-01],
          [-8.1122e-01, -3.5746e-01,  4.3067e-01,  ..., -8.3622e-01,
           -1.6865e-01, -2.2890e-01],
          [-9.3056e-01, -2.7395e-01,  4.6846e-01,  ..., -9.4333e-01,
           -7.3028e-02, -2.4277e-01]]],


        ...,


        [[[-4.6720e-01,  8.7888e-03,  1.5349e-01,  ...,  4.2462e-01,
            1.9288e-01, -4.7772e-01],
          [ 7.7233e-01,  1.3767e-01, -3.7877e-01,  ..., -2.4502e-01,
            5.5171e-01, -8.5747e-01],
          [-2.7584e-01,  4.3793e-01,  3.2690e-01,  ..., -5.5821e-02,
           -4.3367e-01, -1.4182e-01],
          ...,
          [-9.8813e-01,  3.9073e-01,  1.9136e-01,  ..., -7.2192e-01,
            1.6577e+00, -7.1216e-01],
          [-1.1169e+00,  2.6034e-01,  2.9969e-02,  ..., -7.7296e-01,
            1.7045e+00, -7.6140e-01],
          [-1.1256e+00,  1.7399e-01, -1.6099e-01,  ..., -7.8882e-01,
            1.7360e+00, -8.0991e-01]],

         [[-2.1421e-02,  5.5745e-02,  4.2693e-01,  ..., -3.0371e-01,
            2.1662e-01, -8.7937e-01],
          [ 3.7086e-01, -4.6101e-01, -1.0495e+00,  ...,  1.0830e-01,
           -2.4027e-01, -1.2938e+00],
          [ 1.0728e+00, -5.6097e-01, -7.6609e-01,  ...,  1.2017e+00,
            1.6299e+00, -1.6439e+00],
          ...,
          [-8.9911e-01, -6.8068e-01,  4.7462e-01,  ..., -4.0181e-01,
           -2.6684e-01,  2.3914e-01],
          [-1.0288e+00, -6.2582e-01,  4.8918e-01,  ..., -4.5426e-01,
           -2.1091e-01,  1.3169e-01],
          [-1.1740e+00, -6.7912e-01,  5.4338e-01,  ..., -5.1980e-01,
           -1.3996e-02, -1.3356e-02]],

         [[ 6.3843e-01, -4.0877e-01,  1.6473e-01,  ...,  1.8939e-01,
           -1.9216e-01, -2.8269e-04],
          [ 1.3058e-01, -9.7655e-02,  7.3676e-01,  ...,  3.6878e-01,
           -1.4378e+00, -5.4527e-01],
          [-8.8184e-01, -3.2740e-01, -2.7797e-01,  ..., -5.3483e-02,
            2.8012e-01, -8.4020e-01],
          ...,
          [-1.1639e-01,  6.0650e-01, -4.6870e-01,  ...,  6.6566e-01,
           -8.9468e-01, -2.8165e-01],
          [-5.2721e-02,  4.7757e-01, -2.3106e-01,  ...,  6.6374e-01,
           -8.1682e-01, -3.5364e-01],
          [-9.9278e-02,  4.0698e-01, -4.5294e-02,  ...,  7.1749e-01,
           -7.1216e-01, -4.4047e-01]],

         ...,

         [[ 5.1555e-01,  7.3879e-01,  5.4815e-02,  ..., -5.1944e-01,
           -1.9881e-01,  2.7219e-01],
          [ 4.2129e-01,  1.2968e+00, -8.8857e-01,  ..., -2.1667e-01,
           -2.0158e+00,  7.9291e-01],
          [ 3.2882e-02,  1.3186e-02, -3.1989e-01,  ..., -5.3193e-01,
           -6.9667e-01,  4.2480e-02],
          ...,
          [ 2.8566e-01, -1.3226e+00,  3.1912e-01,  ..., -2.9461e-01,
            3.0363e-01,  2.1138e-02],
          [ 3.1302e-01, -1.2634e+00,  1.6126e-01,  ..., -2.5327e-01,
            2.1183e-01, -1.2038e-01],
          [ 3.2528e-01, -1.1698e+00, -4.4206e-02,  ..., -3.6461e-01,
            1.5709e-01, -2.3724e-01]],

         [[-1.1121e+00,  4.4655e-01, -3.5862e-01,  ..., -4.8790e-01,
           -7.6991e-02, -1.1376e-01],
          [ 2.0685e-01, -6.3836e-03,  2.1846e-01,  ..., -4.7584e-01,
           -8.2145e-01, -2.6947e-01],
          [-4.5917e-01, -4.0676e-01, -8.5964e-02,  ..., -3.8699e-01,
           -6.0874e-02,  7.1837e-01],
          ...,
          [-9.3360e-01,  2.7295e-01,  7.9222e-01,  ..., -8.6107e-01,
            7.3785e-02, -7.0500e-01],
          [-1.0593e+00,  3.4528e-01,  9.6717e-01,  ..., -9.2460e-01,
            1.2478e-01, -8.5847e-01],
          [-1.1313e+00,  3.4535e-01,  1.0699e+00,  ..., -9.7141e-01,
            1.3776e-01, -9.3792e-01]],

         [[ 5.7571e-01, -5.2770e-01,  7.1945e-02,  ..., -3.6862e-02,
           -6.1722e-01,  2.3380e-01],
          [-4.0676e-01,  9.0444e-01, -4.3654e-01,  ...,  3.5185e-01,
           -6.2000e-01,  1.1784e-01],
          [ 1.1343e-01,  2.5624e-01, -7.4862e-01,  ..., -7.0217e-01,
           -1.9059e-01,  8.9279e-01],
          ...,
          [-7.7103e-01, -4.8803e-01,  3.9489e-01,  ..., -7.5024e-01,
           -2.2492e-01, -2.0258e-01],
          [-8.1122e-01, -3.5746e-01,  4.3067e-01,  ..., -8.3622e-01,
           -1.6865e-01, -2.2890e-01],
          [-9.3056e-01, -2.7395e-01,  4.6846e-01,  ..., -9.4333e-01,
           -7.3028e-02, -2.4277e-01]]],


        [[[-4.6720e-01,  8.7888e-03,  1.5349e-01,  ...,  4.2462e-01,
            1.9288e-01, -4.7772e-01],
          [-3.5662e-01,  1.8629e+00,  4.2223e-01,  ..., -4.1881e-01,
            3.2480e-01,  6.2006e-01],
          [-7.0019e-01, -2.2540e-01,  7.3388e-01,  ..., -8.4356e-01,
            1.5502e+00, -1.0969e+00],
          ...,
          [-9.8813e-01,  3.9073e-01,  1.9136e-01,  ..., -7.2192e-01,
            1.6577e+00, -7.1216e-01],
          [-1.1169e+00,  2.6034e-01,  2.9969e-02,  ..., -7.7296e-01,
            1.7045e+00, -7.6140e-01],
          [-1.1256e+00,  1.7399e-01, -1.6099e-01,  ..., -7.8882e-01,
            1.7360e+00, -8.0991e-01]],

         [[-2.1421e-02,  5.5745e-02,  4.2693e-01,  ..., -3.0371e-01,
            2.1662e-01, -8.7937e-01],
          [-1.1082e+00, -7.9642e-01, -1.0745e+00,  ...,  1.8085e-01,
           -6.4847e-01,  7.0933e-01],
          [-3.0872e-01,  2.0502e-01, -5.1990e-01,  ...,  7.1296e-01,
            6.9658e-01, -6.9935e-01],
          ...,
          [-8.9911e-01, -6.8068e-01,  4.7462e-01,  ..., -4.0181e-01,
           -2.6684e-01,  2.3914e-01],
          [-1.0288e+00, -6.2582e-01,  4.8918e-01,  ..., -4.5426e-01,
           -2.1091e-01,  1.3169e-01],
          [-1.1740e+00, -6.7912e-01,  5.4338e-01,  ..., -5.1980e-01,
           -1.3996e-02, -1.3356e-02]],

         [[ 6.3843e-01, -4.0877e-01,  1.6473e-01,  ...,  1.8939e-01,
           -1.9216e-01, -2.8269e-04],
          [-9.1211e-01,  1.6709e-03,  1.4905e-01,  ...,  1.2961e-01,
            4.4888e-01, -6.1763e-01],
          [ 4.5760e-01, -7.1537e-01,  1.4302e-01,  ...,  1.7164e+00,
           -1.9224e-01, -1.8168e+00],
          ...,
          [-1.1639e-01,  6.0650e-01, -4.6870e-01,  ...,  6.6566e-01,
           -8.9468e-01, -2.8165e-01],
          [-5.2721e-02,  4.7757e-01, -2.3106e-01,  ...,  6.6374e-01,
           -8.1682e-01, -3.5364e-01],
          [-9.9278e-02,  4.0698e-01, -4.5294e-02,  ...,  7.1749e-01,
           -7.1216e-01, -4.4047e-01]],

         ...,

         [[ 5.1555e-01,  7.3879e-01,  5.4815e-02,  ..., -5.1944e-01,
           -1.9881e-01,  2.7219e-01],
          [ 2.1670e-02,  1.3435e+00, -6.9314e-01,  ...,  1.0911e+00,
           -1.1066e+00, -2.6299e-01],
          [-6.6027e-01,  7.0704e-01, -1.1349e+00,  ...,  6.4001e-01,
           -8.3303e-01,  5.0572e-01],
          ...,
          [ 2.8566e-01, -1.3226e+00,  3.1912e-01,  ..., -2.9461e-01,
            3.0363e-01,  2.1138e-02],
          [ 3.1302e-01, -1.2634e+00,  1.6126e-01,  ..., -2.5327e-01,
            2.1183e-01, -1.2038e-01],
          [ 3.2528e-01, -1.1698e+00, -4.4206e-02,  ..., -3.6461e-01,
            1.5709e-01, -2.3724e-01]],

         [[-1.1121e+00,  4.4655e-01, -3.5862e-01,  ..., -4.8790e-01,
           -7.6991e-02, -1.1376e-01],
          [-2.4430e-01, -2.6311e-01, -8.7986e-01,  ..., -2.3186e-01,
            1.2004e-01, -2.7069e-01],
          [-6.1276e-01, -6.6279e-01, -8.1920e-01,  ..., -7.6410e-01,
            6.6070e-01,  2.1320e-01],
          ...,
          [-9.3360e-01,  2.7295e-01,  7.9222e-01,  ..., -8.6107e-01,
            7.3785e-02, -7.0500e-01],
          [-1.0593e+00,  3.4528e-01,  9.6717e-01,  ..., -9.2460e-01,
            1.2478e-01, -8.5847e-01],
          [-1.1313e+00,  3.4535e-01,  1.0699e+00,  ..., -9.7141e-01,
            1.3776e-01, -9.3792e-01]],

         [[ 5.7571e-01, -5.2770e-01,  7.1945e-02,  ..., -3.6862e-02,
           -6.1722e-01,  2.3380e-01],
          [-5.7239e-01,  6.3235e-01, -9.3645e-01,  ..., -7.0913e-01,
           -7.6325e-01,  8.8034e-01],
          [-4.6352e-01,  1.7034e+00, -4.8892e-01,  ..., -6.0986e-01,
           -1.2445e+00, -8.3962e-01],
          ...,
          [-7.7103e-01, -4.8803e-01,  3.9489e-01,  ..., -7.5024e-01,
           -2.2492e-01, -2.0258e-01],
          [-8.1122e-01, -3.5746e-01,  4.3067e-01,  ..., -8.3622e-01,
           -1.6865e-01, -2.2890e-01],
          [-9.3056e-01, -2.7395e-01,  4.6846e-01,  ..., -9.4333e-01,
           -7.3028e-02, -2.4277e-01]]],


        [[[-4.6720e-01,  8.7888e-03,  1.5349e-01,  ...,  4.2462e-01,
            1.9288e-01, -4.7772e-01],
          [ 7.7233e-01,  1.3767e-01, -3.7877e-01,  ..., -2.4502e-01,
            5.5171e-01, -8.5747e-01],
          [-8.4607e-01,  1.0808e+00,  1.5537e+00,  ...,  1.1579e-01,
            8.6449e-01, -1.0565e+00],
          ...,
          [-9.8813e-01,  3.9073e-01,  1.9136e-01,  ..., -7.2192e-01,
            1.6577e+00, -7.1216e-01],
          [-1.1169e+00,  2.6034e-01,  2.9969e-02,  ..., -7.7296e-01,
            1.7045e+00, -7.6140e-01],
          [-1.1256e+00,  1.7399e-01, -1.6099e-01,  ..., -7.8882e-01,
            1.7360e+00, -8.0991e-01]],

         [[-2.1421e-02,  5.5745e-02,  4.2693e-01,  ..., -3.0371e-01,
            2.1662e-01, -8.7937e-01],
          [ 3.7086e-01, -4.6101e-01, -1.0495e+00,  ...,  1.0830e-01,
           -2.4027e-01, -1.2938e+00],
          [ 9.3193e-01, -3.6864e-01,  8.9268e-01,  ...,  9.2944e-01,
           -8.5485e-02, -2.1281e-01],
          ...,
          [-8.9911e-01, -6.8068e-01,  4.7462e-01,  ..., -4.0181e-01,
           -2.6684e-01,  2.3914e-01],
          [-1.0288e+00, -6.2582e-01,  4.8918e-01,  ..., -4.5426e-01,
           -2.1091e-01,  1.3169e-01],
          [-1.1740e+00, -6.7912e-01,  5.4338e-01,  ..., -5.1980e-01,
           -1.3996e-02, -1.3356e-02]],

         [[ 6.3843e-01, -4.0877e-01,  1.6473e-01,  ...,  1.8939e-01,
           -1.9216e-01, -2.8269e-04],
          [ 1.3058e-01, -9.7655e-02,  7.3676e-01,  ...,  3.6878e-01,
           -1.4378e+00, -5.4527e-01],
          [-2.7585e-01,  7.3709e-01, -3.4547e-01,  ...,  6.6700e-01,
           -6.9602e-01, -2.7080e-01],
          ...,
          [-1.1639e-01,  6.0650e-01, -4.6870e-01,  ...,  6.6566e-01,
           -8.9468e-01, -2.8165e-01],
          [-5.2721e-02,  4.7757e-01, -2.3106e-01,  ...,  6.6374e-01,
           -8.1682e-01, -3.5364e-01],
          [-9.9278e-02,  4.0698e-01, -4.5294e-02,  ...,  7.1749e-01,
           -7.1216e-01, -4.4047e-01]],

         ...,

         [[ 5.1555e-01,  7.3879e-01,  5.4815e-02,  ..., -5.1944e-01,
           -1.9881e-01,  2.7219e-01],
          [ 4.2129e-01,  1.2968e+00, -8.8857e-01,  ..., -2.1667e-01,
           -2.0158e+00,  7.9291e-01],
          [-5.9663e-01,  2.7092e-01, -3.0448e-01,  ...,  9.9919e-01,
           -1.0360e+00,  3.1142e-01],
          ...,
          [ 2.8566e-01, -1.3226e+00,  3.1912e-01,  ..., -2.9461e-01,
            3.0363e-01,  2.1138e-02],
          [ 3.1302e-01, -1.2634e+00,  1.6126e-01,  ..., -2.5327e-01,
            2.1183e-01, -1.2038e-01],
          [ 3.2528e-01, -1.1698e+00, -4.4206e-02,  ..., -3.6461e-01,
            1.5709e-01, -2.3724e-01]],

         [[-1.1121e+00,  4.4655e-01, -3.5862e-01,  ..., -4.8790e-01,
           -7.6991e-02, -1.1376e-01],
          [ 2.0685e-01, -6.3836e-03,  2.1846e-01,  ..., -4.7584e-01,
           -8.2145e-01, -2.6947e-01],
          [-3.4266e-01, -6.1489e-01, -5.2647e-01,  ..., -2.2512e+00,
           -7.3820e-01,  1.0288e+00],
          ...,
          [-9.3360e-01,  2.7295e-01,  7.9222e-01,  ..., -8.6107e-01,
            7.3785e-02, -7.0500e-01],
          [-1.0593e+00,  3.4528e-01,  9.6717e-01,  ..., -9.2460e-01,
            1.2478e-01, -8.5847e-01],
          [-1.1313e+00,  3.4535e-01,  1.0699e+00,  ..., -9.7141e-01,
            1.3776e-01, -9.3792e-01]],

         [[ 5.7571e-01, -5.2770e-01,  7.1945e-02,  ..., -3.6862e-02,
           -6.1722e-01,  2.3380e-01],
          [-4.0676e-01,  9.0444e-01, -4.3654e-01,  ...,  3.5185e-01,
           -6.2000e-01,  1.1784e-01],
          [-7.8715e-01,  6.3254e-01,  6.6404e-01,  ...,  1.4034e+00,
           -1.4091e-01,  7.0023e-01],
          ...,
          [-7.7103e-01, -4.8803e-01,  3.9489e-01,  ..., -7.5024e-01,
           -2.2492e-01, -2.0258e-01],
          [-8.1122e-01, -3.5746e-01,  4.3067e-01,  ..., -8.3622e-01,
           -1.6865e-01, -2.2890e-01],
          [-9.3056e-01, -2.7395e-01,  4.6846e-01,  ..., -9.4333e-01,
           -7.3028e-02, -2.4277e-01]]]], grad_fn=<PermuteBackward0>)
