output Size: torch.Size([32, 12, 64, 42])

output ID: tensor([[[[ 2.8661e-01,  5.8087e-01,  6.9647e-01,  ..., -2.4715e-01,
           -3.6122e-02,  1.9354e-01],
          [ 3.2130e-01,  5.8663e-01,  6.6285e-01,  ..., -2.1919e-01,
           -5.2483e-02,  1.5706e-01],
          [ 2.9119e-01,  5.7333e-01,  6.8734e-01,  ..., -1.6181e-01,
           -6.3233e-02,  1.8949e-01],
          ...,
          [ 3.0637e-01,  6.1139e-01,  7.0953e-01,  ..., -3.2231e-01,
           -1.7711e-02,  2.4144e-01],
          [ 3.0068e-01,  6.0955e-01,  7.0461e-01,  ..., -3.2340e-01,
           -2.2857e-02,  2.3941e-01],
          [ 3.0467e-01,  6.2139e-01,  7.1172e-01,  ..., -3.4280e-01,
           -2.6540e-02,  2.4246e-01]],

         [[ 1.0617e+00,  9.1524e-01,  3.7614e-01,  ..., -1.8477e-03,
           -2.4438e-01, -3.6995e-03],
          [ 1.0868e+00,  9.7177e-01,  4.4831e-01,  ..., -1.1925e-01,
           -3.1579e-01,  1.8861e-03],
          [ 1.1132e+00,  1.0303e+00,  4.7983e-01,  ..., -1.4075e-01,
           -3.4462e-01,  2.6891e-03],
          ...,
          [ 1.1127e+00,  9.9398e-01,  4.1902e-01,  ..., -9.0570e-02,
           -3.5723e-01, -6.1942e-03],
          [ 1.1083e+00,  9.8116e-01,  4.1195e-01,  ..., -8.6972e-02,
           -3.4446e-01, -3.9181e-03],
          [ 1.1042e+00,  9.7731e-01,  4.0791e-01,  ..., -8.2575e-02,
           -3.3542e-01, -2.2656e-03]],

         [[-7.1747e-01,  4.3240e-01, -9.2746e-02,  ...,  2.6726e-02,
            5.7049e-01,  2.4661e-01],
          [-8.4622e-01,  4.5735e-01, -1.6684e-01,  ..., -2.6672e-01,
            5.1337e-01,  2.7344e-02],
          [-8.1978e-01,  4.7311e-01, -1.1554e-01,  ..., -2.1352e-01,
            5.2719e-01,  8.1763e-02],
          ...,
          [-7.8591e-01,  4.7131e-01, -1.2754e-01,  ..., -1.4840e-01,
            5.2181e-01,  1.3261e-01],
          [-7.8627e-01,  4.7129e-01, -1.2442e-01,  ..., -1.5530e-01,
            5.1243e-01,  1.2786e-01],
          [-7.8867e-01,  4.6995e-01, -1.2431e-01,  ..., -1.6057e-01,
            5.0385e-01,  1.2344e-01]],

         ...,

         [[ 9.0164e-01, -2.3015e-01,  4.9653e-03,  ..., -1.0093e+00,
           -4.8785e-02, -5.5147e-01],
          [ 9.1765e-01, -2.0612e-01, -1.0487e-01,  ..., -9.1611e-01,
            1.3034e-02, -6.1238e-01],
          [ 8.7872e-01, -2.2618e-01,  8.8686e-02,  ..., -1.1161e+00,
           -9.8117e-02, -5.4942e-01],
          ...,
          [ 9.1277e-01, -2.0033e-01, -3.8381e-02,  ..., -8.8324e-01,
           -4.6097e-02, -6.6276e-01],
          [ 9.1476e-01, -2.0026e-01, -5.2630e-02,  ..., -8.7258e-01,
           -3.4510e-02, -6.6882e-01],
          [ 9.2146e-01, -1.9851e-01, -5.6615e-02,  ..., -8.6838e-01,
           -2.6378e-02, -6.6816e-01]],

         [[-4.7071e-01, -7.8265e-02,  6.4216e-02,  ..., -4.0751e-01,
           -7.2512e-01, -5.6211e-01],
          [-5.2424e-01, -1.1275e-01,  6.7632e-02,  ..., -3.8325e-01,
           -7.5233e-01, -5.8620e-01],
          [-2.2935e-01,  2.1185e-01, -1.1847e-02,  ..., -5.1828e-01,
           -4.0468e-01, -4.5821e-01],
          ...,
          [-2.6173e-01, -1.3904e-02,  6.7225e-02,  ..., -4.2906e-01,
           -5.9391e-01, -4.8388e-01],
          [-2.5938e-01, -2.2297e-02,  7.4654e-02,  ..., -4.3264e-01,
           -6.0209e-01, -4.8086e-01],
          [-2.5294e-01, -2.8823e-02,  8.5794e-02,  ..., -4.3814e-01,
           -6.0600e-01, -4.7761e-01]],

         [[-1.4113e-01,  3.1114e-01, -6.4616e-02,  ...,  9.3789e-02,
            1.6485e-01,  5.3653e-01],
          [-1.0514e-01,  3.8060e-01,  7.8483e-02,  ...,  2.0090e-01,
            2.1170e-01,  6.2265e-01],
          [-9.0337e-02,  4.9522e-01,  1.9610e-01,  ...,  3.1712e-01,
            3.1731e-01,  7.9964e-01],
          ...,
          [-1.1153e-01,  4.3682e-01,  8.0359e-02,  ...,  2.1800e-01,
            1.8195e-01,  7.6755e-01],
          [-1.0639e-01,  4.2965e-01,  7.3760e-02,  ...,  2.0854e-01,
            1.7777e-01,  7.5490e-01],
          [-1.0351e-01,  4.2795e-01,  7.0275e-02,  ...,  2.0314e-01,
            1.7282e-01,  7.4821e-01]]],


        [[[ 3.7224e-01,  7.6005e-01,  8.8914e-01,  ..., -4.5930e-01,
            1.0165e-01,  3.1760e-01],
          [ 4.0044e-01,  7.7126e-01,  9.1946e-01,  ..., -5.3347e-01,
            1.1054e-01,  3.2139e-01],
          [ 3.9517e-01,  7.8787e-01,  9.5752e-01,  ..., -6.0778e-01,
            1.2098e-01,  3.0511e-01],
          ...,
          [ 3.8739e-01,  7.6706e-01,  9.1250e-01,  ..., -5.0892e-01,
            8.3227e-02,  3.5259e-01],
          [ 3.8612e-01,  7.6718e-01,  9.0394e-01,  ..., -5.0567e-01,
            7.9562e-02,  3.5478e-01],
          [ 3.8453e-01,  7.7306e-01,  8.9906e-01,  ..., -5.1359e-01,
            7.2652e-02,  3.5620e-01]],

         [[ 1.2139e+00,  1.1009e+00,  4.2746e-01,  ..., -8.8579e-02,
           -4.1402e-01,  2.6895e-02],
          [ 1.1936e+00,  1.0276e+00,  3.7455e-01,  ..., -9.1440e-02,
           -3.9736e-01,  1.8284e-02],
          [ 1.1733e+00,  1.0108e+00,  3.8955e-01,  ..., -5.8299e-02,
           -3.8082e-01,  1.1474e-02],
          ...,
          [ 1.2000e+00,  1.0940e+00,  4.5261e-01,  ..., -7.9190e-02,
           -4.6377e-01,  1.4913e-03],
          [ 1.1974e+00,  1.0890e+00,  4.4857e-01,  ..., -7.8531e-02,
           -4.5666e-01,  7.3783e-03],
          [ 1.1972e+00,  1.0927e+00,  4.4928e-01,  ..., -7.5843e-02,
           -4.5587e-01,  1.4392e-02]],

         [[-7.2040e-01,  3.1693e-01, -3.7799e-02,  ..., -2.9574e-02,
            5.5754e-01, -3.0930e-02],
          [-8.1508e-01,  3.7208e-01, -7.5428e-02,  ..., -2.4194e-01,
            4.9853e-01, -5.5988e-02],
          [-8.4250e-01,  4.4121e-01, -7.7910e-02,  ..., -2.8863e-01,
            4.8249e-01, -6.7832e-02],
          ...,
          [-7.9612e-01,  3.6459e-01, -9.4506e-02,  ..., -1.9362e-01,
            4.9496e-01, -1.8424e-02],
          [-7.9596e-01,  3.6853e-01, -9.2047e-02,  ..., -2.0024e-01,
            4.9090e-01, -1.7156e-02],
          [-7.9808e-01,  3.7214e-01, -9.2865e-02,  ..., -2.0725e-01,
            4.8645e-01, -1.4871e-02]],

         ...,

         [[ 8.8021e-01, -2.5978e-01,  1.5669e-01,  ..., -1.2533e+00,
           -1.9807e-01, -3.8000e-01],
          [ 8.6396e-01, -2.6483e-01,  1.5887e-01,  ..., -1.2657e+00,
           -2.0822e-01, -4.1240e-01],
          [ 7.5896e-01, -2.7512e-01,  8.6646e-02,  ..., -1.1044e+00,
           -2.4995e-01, -4.9219e-01],
          ...,
          [ 8.2493e-01, -2.6641e-01,  1.1236e-01,  ..., -1.1529e+00,
           -1.6954e-01, -5.0233e-01],
          [ 8.2496e-01, -2.6442e-01,  1.0535e-01,  ..., -1.1410e+00,
           -1.7147e-01, -5.0465e-01],
          [ 8.2652e-01, -2.6100e-01,  9.9712e-02,  ..., -1.1367e+00,
           -1.7711e-01, -5.0169e-01]],

         [[-5.4062e-01, -1.8378e-01,  1.1089e-01,  ..., -3.5155e-01,
           -9.2515e-01, -5.7758e-01],
          [-5.1006e-01, -1.2460e-01,  9.1194e-02,  ..., -3.4329e-01,
           -8.7499e-01, -5.6156e-01],
          [-5.7676e-01, -2.4882e-01,  1.3568e-01,  ..., -3.6859e-01,
           -9.6541e-01, -6.0368e-01],
          ...,
          [-4.5548e-01, -6.8997e-02,  8.0299e-02,  ..., -3.4952e-01,
           -8.3045e-01, -5.1528e-01],
          [-4.5997e-01, -7.4836e-02,  8.3411e-02,  ..., -3.4831e-01,
           -8.3768e-01, -5.1665e-01],
          [-4.6547e-01, -7.9317e-02,  8.7423e-02,  ..., -3.4602e-01,
           -8.4313e-01, -5.1985e-01]],

         [[-1.2086e-01,  2.9778e-01, -1.4931e-01,  ..., -3.7873e-02,
            2.1117e-01,  5.0633e-01],
          [-9.4556e-02,  3.3408e-01, -1.4065e-01,  ..., -4.7591e-03,
            1.9463e-01,  5.5571e-01],
          [-1.1248e-01,  3.0400e-01, -1.3146e-01,  ...,  1.9567e-02,
            1.8184e-01,  5.8519e-01],
          ...,
          [-8.6242e-02,  3.3493e-01, -1.0657e-01,  ...,  7.1413e-02,
            1.8416e-01,  6.3979e-01],
          [-8.9096e-02,  3.3225e-01, -1.0547e-01,  ...,  6.2622e-02,
            1.9109e-01,  6.3416e-01],
          [-9.0148e-02,  3.3318e-01, -1.0279e-01,  ...,  5.9307e-02,
            1.9607e-01,  6.3066e-01]]],


        [[[ 2.9194e-01,  6.2230e-01,  6.5316e-01,  ..., -4.4767e-01,
            3.1029e-02,  3.6635e-01],
          [ 2.6764e-01,  5.6513e-01,  6.5620e-01,  ..., -4.2441e-01,
            1.0391e-01,  3.5325e-01],
          [ 2.7652e-01,  5.7632e-01,  6.7452e-01,  ..., -4.1183e-01,
            4.3488e-02,  3.3295e-01],
          ...,
          [ 3.2249e-01,  6.2215e-01,  7.5358e-01,  ..., -5.1234e-01,
            7.6173e-02,  3.6845e-01],
          [ 3.1804e-01,  6.1836e-01,  7.4678e-01,  ..., -5.0913e-01,
            7.8704e-02,  3.7040e-01],
          [ 3.2304e-01,  6.2542e-01,  7.5006e-01,  ..., -5.2319e-01,
            8.0906e-02,  3.7223e-01]],

         [[ 1.1343e+00,  1.0876e+00,  5.2915e-01,  ..., -2.8239e-02,
           -4.1639e-01,  1.5314e-02],
          [ 1.1856e+00,  1.1509e+00,  5.5940e-01,  ..., -1.0150e-01,
           -4.7298e-01,  2.0907e-02],
          [ 1.0701e+00,  9.5180e-01,  4.5200e-01,  ..., -2.8585e-02,
           -2.6440e-01,  3.0348e-03],
          ...,
          [ 1.1302e+00,  1.1146e+00,  5.4479e-01,  ..., -8.4602e-02,
           -3.9608e-01,  6.2793e-02],
          [ 1.1269e+00,  1.1001e+00,  5.4040e-01,  ..., -8.1798e-02,
           -3.9000e-01,  6.4622e-02],
          [ 1.1274e+00,  1.0952e+00,  5.3757e-01,  ..., -7.7434e-02,
           -3.9248e-01,  6.4309e-02]],

         [[-8.0247e-01,  3.6339e-01, -2.2326e-01,  ..., -1.5702e-02,
            5.5199e-01, -1.1517e-01],
          [-8.8042e-01,  4.1776e-01, -1.8825e-01,  ..., -1.7830e-01,
            5.0442e-01, -1.1444e-01],
          [-8.4269e-01,  4.3185e-01, -1.6674e-01,  ..., -2.4832e-01,
            4.9495e-01, -1.0583e-01],
          ...,
          [-8.4207e-01,  4.1775e-01, -1.9983e-01,  ..., -1.7515e-01,
            4.8518e-01, -8.0974e-02],
          [-8.4428e-01,  4.2101e-01, -1.9830e-01,  ..., -1.7755e-01,
            4.8510e-01, -8.8101e-02],
          [-8.4710e-01,  4.2468e-01, -1.9788e-01,  ..., -1.7966e-01,
            4.8335e-01, -9.5203e-02]],

         ...,

         [[ 8.7137e-01, -1.5790e-01,  9.8093e-02,  ..., -1.1906e+00,
           -2.0776e-01, -4.5993e-01],
          [ 8.9088e-01, -9.0746e-02, -2.4425e-02,  ..., -1.0702e+00,
           -2.2594e-01, -5.7944e-01],
          [ 8.3756e-01, -1.0036e-01,  1.5705e-02,  ..., -1.0648e+00,
           -2.0599e-01, -5.3170e-01],
          ...,
          [ 8.8834e-01, -1.0927e-01,  2.2455e-02,  ..., -1.1006e+00,
           -2.0651e-01, -5.5765e-01],
          [ 8.8726e-01, -1.0590e-01,  1.1206e-02,  ..., -1.0891e+00,
           -2.1016e-01, -5.6654e-01],
          [ 8.8800e-01, -1.0318e-01,  6.0707e-03,  ..., -1.0855e+00,
           -2.1244e-01, -5.7278e-01]],

         [[-6.0750e-01, -1.5559e-01,  5.8917e-02,  ..., -3.5053e-01,
           -9.0678e-01, -5.5679e-01],
          [-5.5053e-01, -1.6624e-01,  6.6987e-02,  ..., -3.7254e-01,
           -8.7587e-01, -5.6113e-01],
          [-4.6858e-01,  4.2232e-02,  4.1786e-02,  ..., -3.3889e-01,
           -6.8229e-01, -4.9798e-01],
          ...,
          [-5.1742e-01, -4.1992e-02,  3.7661e-02,  ..., -3.5877e-01,
           -7.9305e-01, -5.0435e-01],
          [-5.2560e-01, -5.1616e-02,  3.6189e-02,  ..., -3.6347e-01,
           -8.0538e-01, -5.0163e-01],
          [-5.2989e-01, -5.7250e-02,  3.3053e-02,  ..., -3.6083e-01,
           -8.1078e-01, -5.0223e-01]],

         [[-1.5913e-02,  2.8748e-01, -9.3826e-02,  ...,  1.6574e-02,
            1.5853e-01,  5.2165e-01],
          [ 4.9141e-02,  3.4991e-01, -6.5543e-02,  ...,  5.7660e-02,
            1.5885e-01,  5.8833e-01],
          [-4.1752e-02,  3.1366e-01, -7.9883e-02,  ...,  4.7252e-02,
            1.7785e-01,  5.3237e-01],
          ...,
          [ 2.6765e-02,  3.6049e-01, -6.1237e-02,  ..., -1.5119e-02,
            1.5043e-01,  6.2270e-01],
          [ 2.8870e-02,  3.5884e-01, -6.2005e-02,  ..., -1.2835e-02,
            1.5306e-01,  6.2330e-01],
          [ 3.5072e-02,  3.6058e-01, -6.1884e-02,  ..., -8.4656e-03,
            1.5426e-01,  6.2219e-01]]],


        ...,


        [[[ 4.2311e-01,  9.1212e-01,  1.0112e+00,  ..., -8.4481e-01,
            3.8831e-02,  2.9523e-01],
          [ 3.8694e-01,  8.8668e-01,  1.0095e+00,  ..., -7.9276e-01,
            4.7173e-02,  2.6056e-01],
          [ 4.4205e-01,  9.0088e-01,  1.0343e+00,  ..., -8.4693e-01,
            5.9736e-02,  3.3939e-01],
          ...,
          [ 4.4724e-01,  9.0529e-01,  1.0323e+00,  ..., -8.6147e-01,
            4.1130e-02,  3.2047e-01],
          [ 4.4923e-01,  9.0804e-01,  1.0317e+00,  ..., -8.6673e-01,
            4.0339e-02,  3.2055e-01],
          [ 4.5530e-01,  9.1486e-01,  1.0313e+00,  ..., -8.8294e-01,
            3.8955e-02,  3.2565e-01]],

         [[ 1.2430e+00,  1.3580e+00,  5.6180e-01,  ..., -1.4328e-01,
           -6.6913e-01,  9.7735e-02],
          [ 1.2435e+00,  1.3502e+00,  5.6495e-01,  ..., -1.5820e-01,
           -6.7858e-01,  9.7289e-02],
          [ 1.0909e+00,  1.1498e+00,  3.8610e-01,  ..., -2.3432e-03,
           -5.2415e-01,  9.9248e-02],
          ...,
          [ 1.2453e+00,  1.3599e+00,  5.6011e-01,  ..., -1.4091e-01,
           -6.7580e-01,  1.2688e-01],
          [ 1.2434e+00,  1.3557e+00,  5.5836e-01,  ..., -1.3942e-01,
           -6.7135e-01,  1.2894e-01],
          [ 1.2409e+00,  1.3525e+00,  5.5848e-01,  ..., -1.3688e-01,
           -6.6744e-01,  1.2912e-01]],

         [[-7.9498e-01,  2.4063e-01, -1.7660e-01,  ..., -1.1129e-01,
            4.7521e-01,  7.6892e-02],
          [-8.4384e-01,  3.2195e-01, -9.5115e-02,  ..., -2.5175e-01,
            4.1773e-01, -3.4970e-02],
          [-8.2159e-01,  3.1247e-01, -1.1998e-01,  ..., -2.0988e-01,
            4.6051e-01,  1.1541e-02],
          ...,
          [-8.4082e-01,  3.1357e-01, -1.1388e-01,  ..., -2.4457e-01,
            4.3241e-01, -2.3669e-02],
          [-8.4270e-01,  3.1637e-01, -1.1107e-01,  ..., -2.4633e-01,
            4.3137e-01, -2.5648e-02],
          [-8.4640e-01,  3.2207e-01, -1.1144e-01,  ..., -2.5096e-01,
            4.3346e-01, -2.8898e-02]],

         ...,

         [[ 9.5684e-01, -2.7617e-01,  3.0478e-01,  ..., -1.3316e+00,
           -1.6245e-01, -4.3342e-01],
          [ 9.1313e-01, -2.5933e-01,  2.9578e-01,  ..., -1.2938e+00,
           -2.2847e-01, -4.7269e-01],
          [ 9.8711e-01, -2.7303e-01,  3.1741e-01,  ..., -1.3499e+00,
           -1.7900e-01, -3.9416e-01],
          ...,
          [ 9.5164e-01, -2.6739e-01,  2.7101e-01,  ..., -1.2680e+00,
           -1.7095e-01, -4.9579e-01],
          [ 9.4899e-01, -2.6551e-01,  2.6906e-01,  ..., -1.2615e+00,
           -1.6921e-01, -5.0166e-01],
          [ 9.4797e-01, -2.6397e-01,  2.6941e-01,  ..., -1.2581e+00,
           -1.6925e-01, -5.0396e-01]],

         [[-5.8697e-01, -3.1461e-01,  1.4710e-01,  ..., -3.6389e-01,
           -1.0205e+00, -5.6458e-01],
          [-5.9267e-01, -2.5812e-01,  1.2438e-01,  ..., -3.6481e-01,
           -9.1680e-01, -5.7555e-01],
          [-5.8754e-01, -2.6708e-01,  1.4502e-01,  ..., -3.5862e-01,
           -9.4711e-01, -5.7037e-01],
          ...,
          [-5.6730e-01, -2.8322e-01,  1.3425e-01,  ..., -3.7011e-01,
           -9.7549e-01, -5.4997e-01],
          [-5.6423e-01, -2.8317e-01,  1.3239e-01,  ..., -3.6948e-01,
           -9.8074e-01, -5.4576e-01],
          [-5.6371e-01, -2.8369e-01,  1.3208e-01,  ..., -3.6894e-01,
           -9.8258e-01, -5.4401e-01]],

         [[-2.0102e-01,  2.5832e-01, -1.7972e-01,  ..., -1.0572e-01,
            1.5739e-01,  5.3425e-01],
          [-1.7068e-01,  3.4176e-01, -1.5882e-01,  ..., -1.2735e-02,
            1.7137e-01,  5.6161e-01],
          [-2.3227e-01,  3.9019e-01, -1.4525e-01,  ...,  2.8308e-02,
            1.5065e-01,  5.8875e-01],
          ...,
          [-1.9230e-01,  3.3109e-01, -1.6629e-01,  ..., -5.1801e-02,
            1.7334e-01,  5.5307e-01],
          [-1.8889e-01,  3.3096e-01, -1.6486e-01,  ..., -5.2219e-02,
            1.7460e-01,  5.5532e-01],
          [-1.8570e-01,  3.3164e-01, -1.6319e-01,  ..., -5.0203e-02,
            1.7504e-01,  5.5608e-01]]],


        [[[ 4.4004e-01,  8.4932e-01,  9.0085e-01,  ..., -8.2650e-01,
            8.5490e-02,  3.3343e-01],
          [ 4.6900e-01,  8.6147e-01,  9.4265e-01,  ..., -8.6250e-01,
            1.0694e-01,  3.4865e-01],
          [ 4.9179e-01,  9.1046e-01,  9.6378e-01,  ..., -9.3387e-01,
            8.0239e-02,  3.5950e-01],
          ...,
          [ 4.5608e-01,  8.8337e-01,  9.4060e-01,  ..., -8.6376e-01,
            8.4312e-02,  3.5276e-01],
          [ 4.6123e-01,  8.8716e-01,  9.4137e-01,  ..., -8.6979e-01,
            8.4226e-02,  3.5406e-01],
          [ 4.6855e-01,  8.9492e-01,  9.4619e-01,  ..., -8.8261e-01,
            8.3748e-02,  3.5512e-01]],

         [[ 1.2550e+00,  1.2998e+00,  5.2168e-01,  ..., -1.5641e-01,
           -6.5026e-01,  1.0043e-01],
          [ 1.2741e+00,  1.3153e+00,  5.2700e-01,  ..., -1.8403e-01,
           -6.5183e-01,  9.4938e-02],
          [ 1.2311e+00,  1.1465e+00,  3.4669e-01,  ..., -1.3410e-01,
           -5.5141e-01,  1.0346e-01],
          ...,
          [ 1.2800e+00,  1.3523e+00,  5.3718e-01,  ..., -1.2765e-01,
           -6.7483e-01,  1.2012e-01],
          [ 1.2798e+00,  1.3475e+00,  5.3466e-01,  ..., -1.2597e-01,
           -6.7115e-01,  1.2205e-01],
          [ 1.2782e+00,  1.3461e+00,  5.3796e-01,  ..., -1.2588e-01,
           -6.6859e-01,  1.2264e-01]],

         [[-7.8749e-01,  2.8678e-01, -2.0873e-01,  ..., -1.4883e-01,
            5.0195e-01,  7.8925e-02],
          [-8.1278e-01,  3.4330e-01, -1.0026e-01,  ..., -2.4983e-01,
            4.5811e-01, -1.0980e-02],
          [-8.4435e-01,  3.5478e-01, -1.1388e-01,  ..., -2.5631e-01,
            4.5347e-01, -2.4596e-02],
          ...,
          [-8.3662e-01,  3.4140e-01, -1.2897e-01,  ..., -2.5459e-01,
            4.5762e-01, -8.8735e-03],
          [-8.3897e-01,  3.4504e-01, -1.2828e-01,  ..., -2.5744e-01,
            4.5690e-01, -1.0343e-02],
          [-8.4340e-01,  3.4936e-01, -1.2724e-01,  ..., -2.6213e-01,
            4.5604e-01, -1.4604e-02]],

         ...,

         [[ 9.4849e-01, -2.6037e-01,  2.6310e-01,  ..., -1.2809e+00,
           -2.7294e-01, -4.1865e-01],
          [ 9.4011e-01, -2.7066e-01,  2.5521e-01,  ..., -1.2721e+00,
           -2.8056e-01, -4.3027e-01],
          [ 9.9985e-01, -2.7662e-01,  2.8007e-01,  ..., -1.3229e+00,
           -2.4846e-01, -3.7903e-01],
          ...,
          [ 9.6909e-01, -2.6890e-01,  2.2943e-01,  ..., -1.2054e+00,
           -2.6278e-01, -4.5639e-01],
          [ 9.7007e-01, -2.6730e-01,  2.2910e-01,  ..., -1.2035e+00,
           -2.6313e-01, -4.5712e-01],
          [ 9.6919e-01, -2.6734e-01,  2.2908e-01,  ..., -1.2009e+00,
           -2.6406e-01, -4.5959e-01]],

         [[-5.4621e-01, -2.7814e-01,  1.5719e-01,  ..., -3.3613e-01,
           -9.5020e-01, -5.6447e-01],
          [-5.5384e-01, -2.4297e-01,  1.7894e-01,  ..., -3.3470e-01,
           -9.0954e-01, -5.6635e-01],
          [-4.5816e-01, -1.4925e-01,  1.5661e-01,  ..., -3.0015e-01,
           -8.0797e-01, -5.0848e-01],
          ...,
          [-5.2035e-01, -2.2743e-01,  1.4240e-01,  ..., -3.2370e-01,
           -8.9779e-01, -5.3633e-01],
          [-5.1982e-01, -2.2979e-01,  1.3874e-01,  ..., -3.2817e-01,
           -9.0329e-01, -5.3454e-01],
          [-5.2091e-01, -2.3217e-01,  1.3733e-01,  ..., -3.3098e-01,
           -9.0622e-01, -5.3474e-01]],

         [[-2.0283e-01,  2.7497e-01, -1.8744e-01,  ..., -1.0472e-01,
            1.3350e-01,  5.1105e-01],
          [-2.1861e-01,  3.3169e-01, -1.4053e-01,  ..., -1.0381e-02,
            1.4840e-01,  5.4929e-01],
          [-2.8148e-01,  3.3938e-01, -1.4159e-01,  ..., -8.6959e-03,
            1.3551e-01,  5.4053e-01],
          ...,
          [-2.0786e-01,  3.1880e-01, -1.4032e-01,  ..., -4.3478e-02,
            1.4281e-01,  5.3666e-01],
          [-2.0313e-01,  3.1808e-01, -1.4340e-01,  ..., -4.6888e-02,
            1.4441e-01,  5.3373e-01],
          [-2.0011e-01,  3.1856e-01, -1.4805e-01,  ..., -4.7198e-02,
            1.4369e-01,  5.2957e-01]]],


        [[[ 2.9626e-01,  6.3335e-01,  8.1823e-01,  ..., -3.6695e-01,
           -4.6903e-02,  2.8138e-01],
          [ 2.7233e-01,  6.1350e-01,  8.1192e-01,  ..., -3.7589e-01,
           -1.6558e-02,  2.8143e-01],
          [ 3.0587e-01,  6.6220e-01,  7.6001e-01,  ..., -3.3898e-01,
           -6.4363e-02,  3.0960e-01],
          ...,
          [ 3.4300e-01,  6.5316e-01,  8.3282e-01,  ..., -4.1193e-01,
           -2.1706e-02,  3.2709e-01],
          [ 3.4608e-01,  6.5571e-01,  8.3563e-01,  ..., -4.1639e-01,
           -2.2401e-02,  3.2779e-01],
          [ 3.5219e-01,  6.6789e-01,  8.4361e-01,  ..., -4.3450e-01,
           -2.2620e-02,  3.3086e-01]],

         [[ 1.0541e+00,  9.5691e-01,  4.9163e-01,  ..., -1.4393e-01,
           -3.1913e-01, -6.6960e-02],
          [ 1.0472e+00,  8.0518e-01,  4.2706e-01,  ..., -1.3165e-01,
           -2.2618e-01, -8.1809e-02],
          [ 1.0759e+00,  9.1469e-01,  5.0218e-01,  ..., -1.4102e-01,
           -2.9658e-01, -7.3415e-02],
          ...,
          [ 1.1000e+00,  1.0328e+00,  5.0760e-01,  ..., -1.7729e-01,
           -3.9663e-01, -5.0950e-02],
          [ 1.0906e+00,  1.0190e+00,  5.0470e-01,  ..., -1.7291e-01,
           -3.8319e-01, -5.2493e-02],
          [ 1.0793e+00,  1.0096e+00,  5.0519e-01,  ..., -1.6507e-01,
           -3.7074e-01, -5.2638e-02]],

         [[-6.5391e-01,  4.7382e-01,  2.2789e-02,  ...,  6.6553e-02,
            5.8947e-01,  1.9648e-01],
          [-7.1951e-01,  4.6980e-01, -5.1099e-02,  ..., -8.6395e-02,
            5.4926e-01,  6.7165e-02],
          [-8.2572e-01,  4.8295e-01, -1.1255e-01,  ..., -1.8495e-01,
            5.0523e-01, -1.9497e-02],
          ...,
          [-7.5724e-01,  4.7746e-01, -6.7505e-02,  ..., -9.9142e-02,
            5.3091e-01,  4.7584e-02],
          [-7.5795e-01,  4.7507e-01, -6.8127e-02,  ..., -1.0716e-01,
            5.2735e-01,  4.1844e-02],
          [-7.6384e-01,  4.7078e-01, -7.6714e-02,  ..., -1.1767e-01,
            5.2531e-01,  3.7271e-02]],

         ...,

         [[ 8.7333e-01, -1.4610e-01, -1.8617e-02,  ..., -1.0256e+00,
           -3.7312e-02, -4.7731e-01],
          [ 7.9493e-01, -1.0584e-01, -7.9405e-04,  ..., -9.7118e-01,
           -9.4460e-02, -5.0626e-01],
          [ 9.2302e-01, -6.8778e-02, -8.7822e-02,  ..., -8.8635e-01,
           -6.0739e-02, -5.5512e-01],
          ...,
          [ 8.3812e-01, -1.1523e-01,  2.5789e-02,  ..., -9.3387e-01,
           -6.1928e-02, -5.1975e-01],
          [ 8.4226e-01, -1.1274e-01,  1.3305e-02,  ..., -9.1591e-01,
           -5.5695e-02, -5.2369e-01],
          [ 8.5179e-01, -1.1347e-01,  7.6046e-03,  ..., -9.0898e-01,
           -5.4828e-02, -5.2087e-01]],

         [[-5.1018e-01, -5.9648e-02,  6.1054e-02,  ..., -3.9131e-01,
           -8.1218e-01, -6.0788e-01],
          [-3.1271e-01,  2.2928e-01, -1.4461e-02,  ..., -4.4346e-01,
           -5.8084e-01, -5.5248e-01],
          [-5.2676e-01, -7.2416e-02,  4.9495e-02,  ..., -3.7707e-01,
           -8.0001e-01, -6.0383e-01],
          ...,
          [-3.5113e-01,  9.2038e-02, -9.1672e-03,  ..., -3.9743e-01,
           -6.8131e-01, -5.0814e-01],
          [-3.5141e-01,  8.7562e-02, -7.3043e-03,  ..., -3.9626e-01,
           -6.8440e-01, -4.9574e-01],
          [-3.5140e-01,  8.5609e-02, -5.4324e-03,  ..., -3.9508e-01,
           -6.8372e-01, -4.8615e-01]],

         [[-1.5525e-01,  2.4303e-01, -8.8168e-02,  ...,  3.6189e-02,
            9.7973e-02,  5.5710e-01],
          [-1.1076e-01,  3.0853e-01,  5.1318e-02,  ...,  1.8683e-01,
            1.0414e-01,  7.5660e-01],
          [-1.0695e-01,  2.8560e-01,  4.7033e-02,  ...,  1.1553e-01,
            1.4477e-01,  7.0929e-01],
          ...,
          [-9.5396e-02,  3.3582e-01,  1.0121e-01,  ...,  1.0414e-01,
            1.3364e-01,  7.8697e-01],
          [-9.1164e-02,  3.3143e-01,  9.6674e-02,  ...,  9.9194e-02,
            1.3070e-01,  7.7681e-01],
          [-8.3959e-02,  3.2339e-01,  9.6636e-02,  ...,  9.5522e-02,
            1.2710e-01,  7.7084e-01]]]], grad_fn=<UnsafeViewBackward0>)
