output Size: torch.Size([32, 12, 64, 64])

output ID: tensor([[[[-7.8397e-01, -4.6952e-01, -2.5296e-01,  ..., -6.6448e-01,
           -8.0187e-01, -8.7631e-01],
          [-7.4996e-01, -7.5626e-01,  1.9762e-01,  ..., -3.6384e-01,
           -4.0811e-01, -3.9000e-01],
          [-2.9716e-01, -1.6436e-01,  3.9906e-01,  ..., -2.9419e-01,
           -4.0830e-01, -4.2187e-01],
          ...,
          [ 1.1294e-01, -6.7488e-01,  3.8477e-01,  ...,  2.3182e-01,
            6.9504e-02, -6.0826e-03],
          [ 6.9371e-02, -7.7863e-01,  3.0159e-01,  ...,  1.7308e-01,
            7.3471e-03, -7.3075e-02],
          [ 1.2272e-02, -8.2323e-01,  2.2899e-01,  ...,  1.7077e-01,
            1.9750e-03, -8.1862e-02]],

         [[-4.0202e-01, -4.9325e-01, -4.8510e-01,  ...,  4.1483e-02,
            2.9103e-03, -5.2454e-02],
          [-4.0573e-01, -7.7598e-01, -1.3072e+00,  ..., -7.4341e-01,
           -6.8982e-01, -6.3600e-01],
          [-4.3142e-01, -8.4076e-01, -1.4294e+00,  ...,  6.0623e-02,
            6.1054e-02,  4.2302e-02],
          ...,
          [-1.8447e-01, -8.0054e-01,  4.4157e-01,  ...,  1.8497e-01,
            1.8347e-01,  1.4911e-01],
          [-1.9823e-01, -9.0472e-01,  3.5883e-01,  ...,  1.1256e-01,
            1.1186e-01,  7.9523e-02],
          [-2.4531e-01, -1.0368e+00,  2.1402e-01,  ...,  1.9621e-02,
            2.6509e-02,  1.1665e-03]],

         [[ 6.8146e-01, -7.4189e-02,  2.3328e-01,  ..., -7.4713e-01,
           -6.1206e-01, -5.2341e-01],
          [ 2.9353e-01,  3.0727e-01,  9.3802e-02,  ...,  7.6658e-01,
            6.6043e-01,  5.7782e-01],
          [-5.4308e-01, -6.0077e-02, -3.5827e-01,  ...,  4.6755e-01,
            5.4733e-01,  5.6457e-01],
          ...,
          [-1.7800e-02, -3.1871e-01, -8.3500e-01,  ..., -3.3622e-01,
           -3.1598e-01, -3.6785e-01],
          [-5.1373e-02, -3.6565e-01, -8.2846e-01,  ..., -3.5492e-01,
           -3.3120e-01, -3.8216e-01],
          [-9.4269e-02, -4.2845e-01, -7.8558e-01,  ..., -3.3674e-01,
           -3.1668e-01, -3.7397e-01]],

         ...,

         [[-5.8428e-01, -2.0881e-02,  2.4043e-01,  ...,  3.7249e-01,
            3.8918e-01,  3.5539e-01],
          [-1.4805e-01,  3.9787e-02, -7.5703e-04,  ..., -2.5714e-01,
           -2.5558e-01, -2.6858e-01],
          [-1.0332e+00, -8.2440e-01, -4.8951e-01,  ..., -6.8491e-03,
            4.8756e-02,  1.2874e-01],
          ...,
          [-3.9000e-01, -3.9015e-01,  1.8688e-02,  ..., -4.9668e-01,
           -5.1295e-01, -5.5343e-01],
          [-3.3322e-01, -3.2321e-01,  4.9345e-02,  ..., -5.1109e-01,
           -5.2588e-01, -5.5754e-01],
          [-2.4865e-01, -2.7832e-01,  4.8725e-02,  ..., -4.7867e-01,
           -4.8811e-01, -5.1330e-01]],

         [[ 3.2258e-01, -6.0940e-01, -3.5597e-01,  ...,  5.3115e-01,
            4.6624e-01,  3.9336e-01],
          [ 3.5622e-01,  2.3340e-01,  8.7643e-02,  ...,  9.7163e-01,
            9.4952e-01,  9.2105e-01],
          [ 5.3096e-01, -3.8581e-01, -2.1268e-01,  ...,  3.0692e-02,
            5.3651e-02,  8.1291e-02],
          ...,
          [ 5.2087e-02, -9.9405e-01, -5.4360e-01,  ..., -2.8038e-01,
           -2.2473e-01, -1.6930e-01],
          [ 1.8569e-01, -9.5582e-01, -3.9229e-01,  ..., -2.6329e-01,
           -1.9620e-01, -1.3158e-01],
          [ 2.3679e-01, -9.7560e-01, -2.6440e-01,  ..., -2.4561e-01,
           -1.8299e-01, -1.2067e-01]],

         [[ 6.9284e-01,  8.7609e-01,  5.8849e-01,  ...,  7.4288e-01,
            7.5773e-01,  6.8219e-01],
          [-1.1577e-01,  3.3827e-01,  4.8881e-01,  ..., -2.2423e-02,
            3.9905e-02,  1.7437e-02],
          [ 2.4428e-01,  6.5887e-01, -4.1841e-01,  ..., -7.1731e-01,
           -5.9144e-01, -5.9085e-01],
          ...,
          [-8.1473e-02, -1.8650e-01, -4.2462e-01,  ..., -7.7062e-01,
           -7.7485e-01, -8.0443e-01],
          [-1.5881e-02, -6.4771e-02, -3.9934e-01,  ..., -7.7169e-01,
           -7.7188e-01, -7.9399e-01],
          [ 3.2573e-03,  2.0397e-02, -4.2630e-01,  ..., -7.8794e-01,
           -7.9483e-01, -8.2026e-01]]],


        [[[-7.8397e-01, -2.7347e-01, -5.0389e-02,  ..., -6.6448e-01,
           -8.0187e-01, -8.7631e-01],
          [-3.6744e-01,  1.7232e-02,  1.8135e-01,  ...,  9.0698e-02,
            8.8009e-03, -2.9143e-02],
          [-4.8764e-01, -1.5443e-01, -1.3453e-01,  ...,  1.8224e-01,
            1.2093e-01,  3.5517e-02],
          ...,
          [ 1.1294e-01, -2.1768e-01,  2.6172e-01,  ...,  2.3182e-01,
            6.9504e-02, -6.0826e-03],
          [ 6.9371e-02, -2.9908e-01,  2.1366e-01,  ...,  1.7308e-01,
            7.3471e-03, -7.3075e-02],
          [ 1.2272e-02, -3.3412e-01,  2.0242e-01,  ...,  1.7077e-01,
            1.9750e-03, -8.1862e-02]],

         [[-4.0202e-01,  8.1838e-01, -3.9354e-01,  ...,  4.1483e-02,
            2.9103e-03, -5.2454e-02],
          [ 4.4352e-01,  3.4135e-01,  5.2925e-01,  ..., -1.3912e-01,
           -2.0290e-01, -2.6722e-01],
          [ 8.3258e-01,  5.3637e-01,  2.1401e-01,  ...,  1.4962e-01,
            4.7745e-02, -8.1643e-02],
          ...,
          [-1.8447e-01,  3.9631e-01,  8.6028e-02,  ...,  1.8497e-01,
            1.8347e-01,  1.4911e-01],
          [-1.9823e-01,  3.9396e-01,  7.3601e-02,  ...,  1.1256e-01,
            1.1186e-01,  7.9523e-02],
          [-2.4531e-01,  3.8879e-01, -7.4793e-03,  ...,  1.9621e-02,
            2.6509e-02,  1.1665e-03]],

         [[ 6.8146e-01,  6.1941e-01,  1.3997e+00,  ..., -7.4713e-01,
           -6.1206e-01, -5.2341e-01],
          [ 4.1745e-01,  1.2133e+00,  8.2506e-01,  ...,  6.8498e-01,
            6.0865e-01,  5.6024e-01],
          [ 1.2657e-01,  1.1329e+00, -3.1256e-01,  ...,  1.3190e+00,
            1.2100e+00,  1.1333e+00],
          ...,
          [-1.7800e-02, -1.8465e-01, -5.7997e-01,  ..., -3.3622e-01,
           -3.1598e-01, -3.6785e-01],
          [-5.1373e-02, -2.6186e-01, -6.5478e-01,  ..., -3.5492e-01,
           -3.3120e-01, -3.8216e-01],
          [-9.4269e-02, -3.1785e-01, -6.9775e-01,  ..., -3.3674e-01,
           -3.1668e-01, -3.7397e-01]],

         ...,

         [[-5.8428e-01, -2.7206e-01, -5.4463e-01,  ...,  3.7249e-01,
            3.8918e-01,  3.5539e-01],
          [-4.7412e-01,  5.4032e-02, -2.6221e-01,  ...,  6.9399e-02,
            7.5373e-02,  8.9117e-02],
          [ 1.1987e-01,  4.1606e-01, -3.8082e-01,  ..., -5.3603e-01,
           -5.3485e-01, -4.9452e-01],
          ...,
          [-3.9000e-01, -3.6562e-01, -2.3996e-01,  ..., -4.9668e-01,
           -5.1295e-01, -5.5343e-01],
          [-3.3322e-01, -2.9116e-01, -2.4591e-01,  ..., -5.1109e-01,
           -5.2588e-01, -5.5754e-01],
          [-2.4865e-01, -2.2030e-01, -2.0417e-01,  ..., -4.7867e-01,
           -4.8811e-01, -5.1330e-01]],

         [[ 3.2258e-01,  3.7551e-01,  2.2288e-01,  ...,  5.3115e-01,
            4.6624e-01,  3.9336e-01],
          [ 1.2621e-01,  8.0463e-01,  2.3183e-01,  ...,  1.3352e-01,
            6.7086e-02,  4.7856e-02],
          [-3.8109e-01,  1.6423e-01, -3.7097e-02,  ...,  6.9455e-01,
            7.5374e-01,  8.1030e-01],
          ...,
          [ 5.2087e-02,  1.4493e-01, -6.4332e-02,  ..., -2.8038e-01,
           -2.2473e-01, -1.6930e-01],
          [ 1.8569e-01,  1.8549e-01, -2.3365e-02,  ..., -2.6329e-01,
           -1.9620e-01, -1.3158e-01],
          [ 2.3679e-01,  2.2463e-01, -6.4731e-03,  ..., -2.4561e-01,
           -1.8299e-01, -1.2067e-01]],

         [[ 6.9284e-01,  1.0902e+00,  2.8404e-01,  ...,  7.4288e-01,
            7.5773e-01,  6.8219e-01],
          [ 4.2258e-01,  7.7565e-01,  5.0423e-01,  ...,  3.3365e-01,
            4.1130e-01,  3.9374e-01],
          [ 1.3567e-01, -2.7738e-03,  6.8485e-02,  ...,  2.2808e-01,
            3.5770e-01,  3.2678e-01],
          ...,
          [-8.1473e-02, -4.8964e-01, -1.6076e-01,  ..., -7.7062e-01,
           -7.7485e-01, -8.0443e-01],
          [-1.5881e-02, -4.1038e-01, -2.7015e-01,  ..., -7.7169e-01,
           -7.7188e-01, -7.9399e-01],
          [ 3.2573e-03, -3.4931e-01, -3.7427e-01,  ..., -7.8794e-01,
           -7.9483e-01, -8.2026e-01]]],


        [[[-7.8397e-01, -2.6702e-01,  4.6327e-01,  ..., -6.6448e-01,
           -8.0187e-01, -8.7631e-01],
          [-9.6948e-01, -5.6795e-01,  1.0498e-01,  ..., -7.1992e-01,
           -8.4146e-01, -8.8630e-01],
          [-1.2635e+00,  3.6793e-01, -1.4688e-01,  ..., -5.4599e-01,
           -5.9270e-01, -5.9834e-01],
          ...,
          [ 1.1294e-01,  6.4341e-01,  1.1411e-01,  ...,  2.3182e-01,
            6.9504e-02, -6.0826e-03],
          [ 6.9371e-02,  5.4747e-01,  1.0568e-01,  ...,  1.7308e-01,
            7.3471e-03, -7.3075e-02],
          [ 1.2272e-02,  4.8437e-01,  1.1506e-01,  ...,  1.7077e-01,
            1.9750e-03, -8.1862e-02]],

         [[-4.0202e-01,  7.7458e-02, -3.5674e-01,  ...,  4.1483e-02,
            2.9103e-03, -5.2454e-02],
          [ 3.8830e-02,  3.9549e-01, -1.1161e+00,  ...,  4.9553e-01,
            4.3829e-01,  3.3090e-01],
          [-6.5453e-02,  5.5309e-02, -2.6705e-01,  ..., -5.2711e-01,
           -6.0292e-01, -7.2495e-01],
          ...,
          [-1.8447e-01,  6.6750e-01,  4.0416e-02,  ...,  1.8497e-01,
            1.8347e-01,  1.4911e-01],
          [-1.9823e-01,  7.1731e-01, -3.8315e-02,  ...,  1.1256e-01,
            1.1186e-01,  7.9523e-02],
          [-2.4531e-01,  6.8456e-01, -2.3264e-01,  ...,  1.9621e-02,
            2.6509e-02,  1.1665e-03]],

         [[ 6.8146e-01,  1.3287e+00,  1.0029e+00,  ..., -7.4713e-01,
           -6.1206e-01, -5.2341e-01],
          [ 4.2881e-01,  1.3960e+00,  2.4895e-01,  ...,  2.2513e-01,
            2.4631e-01,  2.3288e-01],
          [ 7.6439e-02,  5.3879e-01,  7.0020e-01,  ...,  1.0472e+00,
            9.7631e-01,  8.8137e-01],
          ...,
          [-1.7800e-02,  3.0885e-01, -3.9626e-01,  ..., -3.3622e-01,
           -3.1598e-01, -3.6785e-01],
          [-5.1373e-02,  3.4840e-01, -2.8243e-01,  ..., -3.5492e-01,
           -3.3120e-01, -3.8216e-01],
          [-9.4269e-02,  4.2365e-01, -1.4397e-01,  ..., -3.3674e-01,
           -3.1668e-01, -3.7397e-01]],

         ...,

         [[-5.8428e-01,  5.0890e-01,  3.7543e-01,  ...,  3.7249e-01,
            3.8918e-01,  3.5539e-01],
          [-2.3623e-01,  2.1947e-02,  4.0145e-01,  ...,  1.1816e-01,
            5.9745e-02, -4.7162e-02],
          [-7.9748e-01,  2.1709e-01, -2.1222e-01,  ..., -1.8844e-01,
           -2.0491e-01, -2.5706e-01],
          ...,
          [-3.9000e-01, -5.9609e-01, -4.3555e-01,  ..., -4.9668e-01,
           -5.1295e-01, -5.5343e-01],
          [-3.3322e-01, -5.3519e-01, -3.8284e-01,  ..., -5.1109e-01,
           -5.2588e-01, -5.5754e-01],
          [-2.4865e-01, -4.7183e-01, -2.8454e-01,  ..., -4.7867e-01,
           -4.8811e-01, -5.1330e-01]],

         [[ 3.2258e-01,  5.6013e-02,  1.0796e+00,  ...,  5.3115e-01,
            4.6624e-01,  3.9336e-01],
          [ 2.3642e-01,  1.5920e-01, -4.8126e-02,  ...,  2.2882e-01,
            2.4619e-01,  2.7377e-01],
          [-9.7328e-01,  3.8885e-02, -2.4274e-01,  ..., -3.3316e-01,
           -4.8232e-01, -6.3630e-01],
          ...,
          [ 5.2087e-02, -3.2440e-01,  6.0877e-01,  ..., -2.8038e-01,
           -2.2473e-01, -1.6930e-01],
          [ 1.8569e-01, -3.0365e-01,  6.0310e-01,  ..., -2.6329e-01,
           -1.9620e-01, -1.3158e-01],
          [ 2.3679e-01, -2.9506e-01,  6.0745e-01,  ..., -2.4561e-01,
           -1.8299e-01, -1.2067e-01]],

         [[ 6.9284e-01,  3.2037e-01,  1.1235e+00,  ...,  7.4288e-01,
            7.5773e-01,  6.8219e-01],
          [ 5.6211e-01,  3.7582e-01,  8.7272e-01,  ...,  3.3445e-02,
            9.7321e-02,  2.4597e-02],
          [ 8.1562e-01, -1.1672e-01,  9.0154e-01,  ...,  2.4002e-01,
            3.2134e-01,  3.2799e-01],
          ...,
          [-8.1473e-02, -4.7625e-01, -1.8805e-01,  ..., -7.7062e-01,
           -7.7485e-01, -8.0443e-01],
          [-1.5881e-02, -4.7920e-01, -1.2410e-01,  ..., -7.7169e-01,
           -7.7188e-01, -7.9399e-01],
          [ 3.2573e-03, -4.4731e-01, -1.1911e-01,  ..., -7.8794e-01,
           -7.9483e-01, -8.2026e-01]]],


        ...,


        [[[-7.8397e-01, -5.8808e-02, -7.8523e-01,  ..., -6.6448e-01,
           -8.0187e-01, -8.7631e-01],
          [-8.9160e-01, -2.8738e-01, -1.1571e+00,  ..., -1.0773e+00,
           -1.0968e+00, -1.0222e+00],
          [ 2.2023e-01,  2.7765e-01,  3.7199e-01,  ...,  4.1536e-01,
            3.8969e-01,  3.9933e-01],
          ...,
          [ 1.1294e-01,  6.3631e-01,  8.1507e-03,  ...,  2.3182e-01,
            6.9504e-02, -6.0826e-03],
          [ 6.9371e-02,  5.8947e-01, -4.3663e-02,  ...,  1.7308e-01,
            7.3471e-03, -7.3075e-02],
          [ 1.2272e-02,  5.0356e-01, -5.1989e-02,  ...,  1.7077e-01,
            1.9750e-03, -8.1862e-02]],

         [[-4.0202e-01, -6.4466e-02,  1.0688e-02,  ...,  4.1483e-02,
            2.9103e-03, -5.2454e-02],
          [-2.4227e-01,  1.5136e-01, -1.9066e-01,  ...,  4.1088e-02,
            4.0586e-03, -7.2443e-02],
          [ 1.8829e-01, -1.5499e-01, -5.4902e-01,  ..., -7.0657e-01,
           -7.5380e-01, -8.7503e-01],
          ...,
          [-1.8447e-01,  5.3703e-01,  2.2054e-01,  ...,  1.8497e-01,
            1.8347e-01,  1.4911e-01],
          [-1.9823e-01,  4.6289e-01,  2.5921e-01,  ...,  1.1256e-01,
            1.1186e-01,  7.9523e-02],
          [-2.4531e-01,  3.6785e-01,  2.5668e-01,  ...,  1.9621e-02,
            2.6509e-02,  1.1665e-03]],

         [[ 6.8146e-01,  2.9729e-01, -3.8606e-01,  ..., -7.4713e-01,
           -6.1206e-01, -5.2341e-01],
          [ 9.8393e-01,  2.2588e-01,  2.7590e-01,  ...,  5.8942e-01,
            6.5477e-01,  6.8244e-01],
          [ 3.6282e-01,  2.6684e-01,  2.3475e-01,  ...,  2.2259e-03,
            5.6005e-02,  9.9606e-02],
          ...,
          [-1.7800e-02, -4.9080e-01, -8.7578e-01,  ..., -3.3622e-01,
           -3.1598e-01, -3.6785e-01],
          [-5.1373e-02, -4.8839e-01, -8.4817e-01,  ..., -3.5492e-01,
           -3.3120e-01, -3.8216e-01],
          [-9.4269e-02, -5.0823e-01, -9.1049e-01,  ..., -3.3674e-01,
           -3.1668e-01, -3.7397e-01]],

         ...,

         [[-5.8428e-01, -1.5932e-01,  1.0687e+00,  ...,  3.7249e-01,
            3.8918e-01,  3.5539e-01],
          [-2.4682e-01,  1.4895e-01, -4.9418e-01,  ..., -2.9813e-01,
           -3.1634e-01, -3.2561e-01],
          [-3.1947e-01,  4.5181e-02, -4.4248e-01,  ...,  1.2096e-01,
            1.1615e-01,  1.1068e-01],
          ...,
          [-3.9000e-01, -7.9659e-01, -1.7549e-01,  ..., -4.9668e-01,
           -5.1295e-01, -5.5343e-01],
          [-3.3322e-01, -7.8635e-01, -1.1808e-01,  ..., -5.1109e-01,
           -5.2588e-01, -5.5754e-01],
          [-2.4865e-01, -7.4230e-01, -7.8643e-02,  ..., -4.7867e-01,
           -4.8811e-01, -5.1330e-01]],

         [[ 3.2258e-01,  3.0171e-03,  2.3093e-01,  ...,  5.3115e-01,
            4.6624e-01,  3.9336e-01],
          [-7.8640e-02, -1.2243e-01,  1.7455e-01,  ..., -3.3510e-01,
           -4.5975e-01, -5.7086e-01],
          [ 5.4882e-01,  2.1929e-01,  4.9012e-01,  ...,  1.9137e-01,
            8.3090e-02,  3.2426e-02],
          ...,
          [ 5.2087e-02, -5.3326e-01, -4.2411e-01,  ..., -2.8038e-01,
           -2.2473e-01, -1.6930e-01],
          [ 1.8569e-01, -4.1185e-01, -4.1239e-01,  ..., -2.6329e-01,
           -1.9620e-01, -1.3158e-01],
          [ 2.3679e-01, -3.1389e-01, -3.8786e-01,  ..., -2.4561e-01,
           -1.8299e-01, -1.2067e-01]],

         [[ 6.9284e-01, -3.2506e-01,  2.7359e-01,  ...,  7.4288e-01,
            7.5773e-01,  6.8219e-01],
          [ 5.3338e-01, -1.5762e-01,  1.7485e-01,  ..., -5.1294e-01,
           -4.6869e-01, -4.9509e-01],
          [ 5.8139e-01, -8.2261e-01,  1.1633e+00,  ..., -6.0194e-01,
           -5.9760e-01, -7.0897e-01],
          ...,
          [-8.1473e-02,  6.3912e-02, -4.2115e-01,  ..., -7.7062e-01,
           -7.7485e-01, -8.0443e-01],
          [-1.5881e-02,  5.1700e-02, -4.2658e-01,  ..., -7.7169e-01,
           -7.7188e-01, -7.9399e-01],
          [ 3.2573e-03,  9.3815e-03, -3.5826e-01,  ..., -7.8794e-01,
           -7.9483e-01, -8.2026e-01]]],


        [[[-7.8397e-01, -4.8654e-01, -2.9086e-01,  ..., -6.6448e-01,
           -8.0187e-01, -8.7631e-01],
          [-2.9130e-01, -4.9645e-01,  2.0480e-02,  ...,  1.6981e-01,
            1.4742e-01,  9.4641e-02],
          [-5.2148e-01, -4.2077e-01, -4.8530e-03,  ...,  5.7627e-01,
            5.3689e-01,  5.1934e-01],
          ...,
          [ 1.1294e-01, -2.8592e-01, -5.2570e-01,  ...,  2.3182e-01,
            6.9504e-02, -6.0826e-03],
          [ 6.9371e-02, -3.0905e-01, -5.9132e-01,  ...,  1.7308e-01,
            7.3471e-03, -7.3075e-02],
          [ 1.2272e-02, -2.5943e-01, -6.1291e-01,  ...,  1.7077e-01,
            1.9750e-03, -8.1862e-02]],

         [[-4.0202e-01,  1.4097e-01,  3.1744e-04,  ...,  4.1483e-02,
            2.9103e-03, -5.2454e-02],
          [-6.4828e-01, -2.6847e-01,  1.4936e-01,  ..., -2.3689e-01,
           -2.4028e-01, -3.0972e-01],
          [-4.2822e-01, -9.5384e-02,  7.8277e-01,  ..., -4.5807e-01,
           -5.5019e-01, -6.8241e-01],
          ...,
          [-1.8447e-01, -2.6699e-01,  4.8171e-01,  ...,  1.8497e-01,
            1.8347e-01,  1.4911e-01],
          [-1.9823e-01, -3.0594e-01,  4.5501e-01,  ...,  1.1256e-01,
            1.1186e-01,  7.9523e-02],
          [-2.4531e-01, -4.2184e-01,  3.1198e-01,  ...,  1.9621e-02,
            2.6509e-02,  1.1665e-03]],

         [[ 6.8146e-01,  2.7306e-01,  1.3898e-01,  ..., -7.4713e-01,
           -6.1206e-01, -5.2341e-01],
          [-2.8712e-01, -2.8122e-01, -3.6679e-01,  ...,  3.7744e-01,
            3.6827e-01,  3.6466e-01],
          [-7.9670e-02,  2.3957e-01, -5.8156e-01,  ...,  1.9089e-01,
            2.1722e-01,  2.2269e-01],
          ...,
          [-1.7800e-02, -4.2159e-01, -9.9386e-01,  ..., -3.3622e-01,
           -3.1598e-01, -3.6785e-01],
          [-5.1373e-02, -4.0004e-01, -1.0365e+00,  ..., -3.5492e-01,
           -3.3120e-01, -3.8216e-01],
          [-9.4269e-02, -3.8724e-01, -1.0269e+00,  ..., -3.3674e-01,
           -3.1668e-01, -3.7397e-01]],

         ...,

         [[-5.8428e-01, -2.5000e-01, -1.2862e-01,  ...,  3.7249e-01,
            3.8918e-01,  3.5539e-01],
          [-2.3285e-01, -7.5570e-02, -3.6858e-01,  ..., -1.6235e-01,
           -9.4693e-02, -1.9722e-02],
          [-2.2485e-02,  5.6535e-01, -8.3119e-01,  ...,  3.3822e-01,
            4.2688e-01,  5.3395e-01],
          ...,
          [-3.9000e-01, -9.1024e-01, -6.0791e-01,  ..., -4.9668e-01,
           -5.1295e-01, -5.5343e-01],
          [-3.3322e-01, -8.5084e-01, -6.9621e-01,  ..., -5.1109e-01,
           -5.2588e-01, -5.5754e-01],
          [-2.4865e-01, -7.5258e-01, -7.0423e-01,  ..., -4.7867e-01,
           -4.8811e-01, -5.1330e-01]],

         [[ 3.2258e-01, -8.7080e-01,  2.8538e-01,  ...,  5.3115e-01,
            4.6624e-01,  3.9336e-01],
          [-6.3743e-02,  4.4710e-01,  4.6198e-02,  ...,  3.9912e-01,
            3.6828e-01,  3.5087e-01],
          [ 1.0759e-01,  3.2635e-01,  1.5471e-01,  ..., -4.1903e-01,
           -5.1542e-01, -5.9014e-01],
          ...,
          [ 5.2087e-02, -6.7519e-01, -3.8483e-01,  ..., -2.8038e-01,
           -2.2473e-01, -1.6930e-01],
          [ 1.8569e-01, -4.6207e-01, -2.7761e-01,  ..., -2.6329e-01,
           -1.9620e-01, -1.3158e-01],
          [ 2.3679e-01, -3.0573e-01, -2.3058e-01,  ..., -2.4561e-01,
           -1.8299e-01, -1.2067e-01]],

         [[ 6.9284e-01,  2.1046e-01,  3.5945e-01,  ...,  7.4288e-01,
            7.5773e-01,  6.8219e-01],
          [ 3.2642e-01,  6.9524e-01, -4.5412e-01,  ..., -2.0822e-01,
           -1.1714e-01, -1.3003e-01],
          [-2.0566e-01,  4.6056e-01, -6.3133e-01,  ..., -5.3785e-01,
           -4.4700e-01, -4.1361e-01],
          ...,
          [-8.1473e-02,  1.0592e-02, -1.3460e+00,  ..., -7.7062e-01,
           -7.7485e-01, -8.0443e-01],
          [-1.5881e-02, -5.6252e-03, -1.4591e+00,  ..., -7.7169e-01,
           -7.7188e-01, -7.9399e-01],
          [ 3.2573e-03, -3.1959e-02, -1.4593e+00,  ..., -7.8794e-01,
           -7.9483e-01, -8.2026e-01]]],


        [[[-7.8397e-01, -5.4090e-01, -4.4321e-01,  ..., -6.6448e-01,
           -8.0187e-01, -8.7631e-01],
          [-1.0370e-01,  1.3148e-01,  3.2310e-01,  ..., -7.3097e-02,
           -9.6408e-02, -1.0866e-01],
          [-6.7701e-01, -1.6439e-01, -8.0894e-01,  ..., -4.0147e-01,
           -4.4066e-01, -4.1676e-01],
          ...,
          [ 1.1294e-01,  5.1720e-02, -5.1848e-01,  ...,  2.3182e-01,
            6.9504e-02, -6.0826e-03],
          [ 6.9371e-02, -6.4605e-02, -6.0648e-01,  ...,  1.7308e-01,
            7.3471e-03, -7.3075e-02],
          [ 1.2272e-02, -1.8371e-01, -6.4110e-01,  ...,  1.7077e-01,
            1.9750e-03, -8.1862e-02]],

         [[-4.0202e-01,  2.4988e-01, -4.8079e-01,  ...,  4.1483e-02,
            2.9103e-03, -5.2454e-02],
          [ 4.2303e-01, -9.8593e-02,  9.5431e-02,  ..., -9.8622e-02,
           -1.8915e-01, -2.9633e-01],
          [-4.6359e-01, -5.6988e-01, -7.3461e-01,  ..., -7.8315e-01,
           -7.3399e-01, -6.8809e-01],
          ...,
          [-1.8447e-01,  5.3711e-02, -7.5858e-01,  ...,  1.8497e-01,
            1.8347e-01,  1.4911e-01],
          [-1.9823e-01,  9.2967e-02, -8.5164e-01,  ...,  1.1256e-01,
            1.1186e-01,  7.9523e-02],
          [-2.4531e-01,  1.2407e-01, -9.7621e-01,  ...,  1.9621e-02,
            2.6509e-02,  1.1665e-03]],

         [[ 6.8146e-01,  2.3152e-01, -1.1652e-01,  ..., -7.4713e-01,
           -6.1206e-01, -5.2341e-01],
          [ 7.6863e-02,  6.7571e-01,  3.9955e-01,  ...,  5.2833e-01,
            5.6763e-01,  6.1706e-01],
          [ 3.3861e-01,  6.9324e-01,  1.5048e-01,  ...,  8.3831e-01,
            7.3637e-01,  6.5744e-01],
          ...,
          [-1.7800e-02, -7.5908e-01, -4.0970e-01,  ..., -3.3622e-01,
           -3.1598e-01, -3.6785e-01],
          [-5.1373e-02, -7.3374e-01, -4.6211e-01,  ..., -3.5492e-01,
           -3.3120e-01, -3.8216e-01],
          [-9.4269e-02, -6.5627e-01, -5.2800e-01,  ..., -3.3674e-01,
           -3.1668e-01, -3.7397e-01]],

         ...,

         [[-5.8428e-01, -1.5797e-01,  1.0026e-02,  ...,  3.7249e-01,
            3.8918e-01,  3.5539e-01],
          [ 2.1756e-02,  5.1076e-01,  6.1737e-01,  ...,  2.8278e-01,
            3.2510e-01,  3.4823e-01],
          [-1.9122e-01,  1.0162e-01,  1.8245e-01,  ..., -2.9588e-01,
           -3.0272e-01, -3.1550e-01],
          ...,
          [-3.9000e-01,  3.3533e-01, -3.1624e-01,  ..., -4.9668e-01,
           -5.1295e-01, -5.5343e-01],
          [-3.3322e-01,  3.5528e-01, -2.5626e-01,  ..., -5.1109e-01,
           -5.2588e-01, -5.5754e-01],
          [-2.4865e-01,  2.7844e-01, -2.0788e-01,  ..., -4.7867e-01,
           -4.8811e-01, -5.1330e-01]],

         [[ 3.2258e-01, -5.9885e-01, -6.1130e-01,  ...,  5.3115e-01,
            4.6624e-01,  3.9336e-01],
          [-1.0911e+00, -1.4731e+00, -7.2530e-01,  ..., -7.7558e-01,
           -9.0987e-01, -9.8008e-01],
          [ 3.4427e-01, -8.0005e-03,  2.8078e-01,  ...,  8.6584e-01,
            8.4163e-01,  8.1538e-01],
          ...,
          [ 5.2087e-02, -5.7136e-01, -1.0547e+00,  ..., -2.8038e-01,
           -2.2473e-01, -1.6930e-01],
          [ 1.8569e-01, -5.6983e-01, -1.0286e+00,  ..., -2.6329e-01,
           -1.9620e-01, -1.3158e-01],
          [ 2.3679e-01, -6.1522e-01, -1.0424e+00,  ..., -2.4561e-01,
           -1.8299e-01, -1.2067e-01]],

         [[ 6.9284e-01,  4.3428e-01,  9.1913e-01,  ...,  7.4288e-01,
            7.5773e-01,  6.8219e-01],
          [ 7.5391e-01,  2.2550e-01,  8.9517e-01,  ..., -3.3691e-01,
           -2.9911e-01, -3.5450e-01],
          [-1.3971e-01, -1.7286e-01,  3.2700e-01,  ..., -1.2004e-02,
            3.4706e-02, -1.8069e-04],
          ...,
          [-8.1473e-02, -2.1548e-01, -1.5386e-01,  ..., -7.7062e-01,
           -7.7485e-01, -8.0443e-01],
          [-1.5881e-02, -1.6820e-01, -2.4770e-02,  ..., -7.7169e-01,
           -7.7188e-01, -7.9399e-01],
          [ 3.2573e-03, -1.4237e-01,  6.5283e-02,  ..., -7.8794e-01,
           -7.9483e-01, -8.2026e-01]]]], grad_fn=<MaskedFillBackward0>)
