output Size: torch.Size([32, 64, 504])

output ID: tensor([[[-0.4672,  0.0088,  0.1535,  ..., -0.0369, -0.6172,  0.2338],
         [-0.8621,  0.6922, -0.2279,  ..., -0.0678, -0.7893, -0.4059],
         [-0.9424,  0.1762,  0.3786,  ..., -0.3537, -0.1044,  0.0544],
         ...,
         [-0.9881,  0.3907,  0.1914,  ..., -0.7502, -0.2249, -0.2026],
         [-1.1169,  0.2603,  0.0300,  ..., -0.8362, -0.1687, -0.2289],
         [-1.1256,  0.1740, -0.1610,  ..., -0.9433, -0.0730, -0.2428]],

        [[-0.4672,  0.0088,  0.1535,  ..., -0.0369, -0.6172,  0.2338],
         [-0.9606,  0.0708,  0.2418,  ..., -0.3954, -0.0764,  0.0789],
         [ 0.2796,  0.8399, -0.0214,  ..., -0.2468, -0.6703,  0.2869],
         ...,
         [-0.9881,  0.3907,  0.1914,  ..., -0.7502, -0.2249, -0.2026],
         [-1.1169,  0.2603,  0.0300,  ..., -0.8362, -0.1687, -0.2289],
         [-1.1256,  0.1740, -0.1610,  ..., -0.9433, -0.0730, -0.2428]],

        [[-0.4672,  0.0088,  0.1535,  ..., -0.0369, -0.6172,  0.2338],
         [-0.8810,  0.6091,  0.4918,  ..., -0.2591, -1.0460,  0.0484],
         [-0.7081,  1.8360,  0.5788,  ...,  0.9027, -0.1822,  0.6064],
         ...,
         [-0.9881,  0.3907,  0.1914,  ..., -0.7502, -0.2249, -0.2026],
         [-1.1169,  0.2603,  0.0300,  ..., -0.8362, -0.1687, -0.2289],
         [-1.1256,  0.1740, -0.1610,  ..., -0.9433, -0.0730, -0.2428]],

        ...,

        [[-0.4672,  0.0088,  0.1535,  ..., -0.0369, -0.6172,  0.2338],
         [ 0.7723,  0.1377, -0.3788,  ...,  0.3519, -0.6200,  0.1178],
         [-0.2758,  0.4379,  0.3269,  ..., -0.7022, -0.1906,  0.8928],
         ...,
         [-0.9881,  0.3907,  0.1914,  ..., -0.7502, -0.2249, -0.2026],
         [-1.1169,  0.2603,  0.0300,  ..., -0.8362, -0.1687, -0.2289],
         [-1.1256,  0.1740, -0.1610,  ..., -0.9433, -0.0730, -0.2428]],

        [[-0.4672,  0.0088,  0.1535,  ..., -0.0369, -0.6172,  0.2338],
         [-0.3566,  1.8629,  0.4222,  ..., -0.7091, -0.7632,  0.8803],
         [-0.7002, -0.2254,  0.7339,  ..., -0.6099, -1.2445, -0.8396],
         ...,
         [-0.9881,  0.3907,  0.1914,  ..., -0.7502, -0.2249, -0.2026],
         [-1.1169,  0.2603,  0.0300,  ..., -0.8362, -0.1687, -0.2289],
         [-1.1256,  0.1740, -0.1610,  ..., -0.9433, -0.0730, -0.2428]],

        [[-0.4672,  0.0088,  0.1535,  ..., -0.0369, -0.6172,  0.2338],
         [ 0.7723,  0.1377, -0.3788,  ...,  0.3519, -0.6200,  0.1178],
         [-0.8461,  1.0808,  1.5537,  ...,  1.4034, -0.1409,  0.7002],
         ...,
         [-0.9881,  0.3907,  0.1914,  ..., -0.7502, -0.2249, -0.2026],
         [-1.1169,  0.2603,  0.0300,  ..., -0.8362, -0.1687, -0.2289],
         [-1.1256,  0.1740, -0.1610,  ..., -0.9433, -0.0730, -0.2428]]],
       grad_fn=<ViewBackward0>)
