output Size: torch.Size([32, 64, 504])

output ID: tensor([[[ 0.2866,  0.5809,  0.6965,  ...,  0.0938,  0.1649,  0.5365],
         [ 0.3213,  0.5866,  0.6628,  ...,  0.2009,  0.2117,  0.6226],
         [ 0.2912,  0.5733,  0.6873,  ...,  0.3171,  0.3173,  0.7996],
         ...,
         [ 0.3064,  0.6114,  0.7095,  ...,  0.2180,  0.1820,  0.7676],
         [ 0.3007,  0.6096,  0.7046,  ...,  0.2085,  0.1778,  0.7549],
         [ 0.3047,  0.6214,  0.7117,  ...,  0.2031,  0.1728,  0.7482]],

        [[ 0.3722,  0.7600,  0.8891,  ..., -0.0379,  0.2112,  0.5063],
         [ 0.4004,  0.7713,  0.9195,  ..., -0.0048,  0.1946,  0.5557],
         [ 0.3952,  0.7879,  0.9575,  ...,  0.0196,  0.1818,  0.5852],
         ...,
         [ 0.3874,  0.7671,  0.9125,  ...,  0.0714,  0.1842,  0.6398],
         [ 0.3861,  0.7672,  0.9039,  ...,  0.0626,  0.1911,  0.6342],
         [ 0.3845,  0.7731,  0.8991,  ...,  0.0593,  0.1961,  0.6307]],

        [[ 0.2919,  0.6223,  0.6532,  ...,  0.0166,  0.1585,  0.5217],
         [ 0.2676,  0.5651,  0.6562,  ...,  0.0577,  0.1589,  0.5883],
         [ 0.2765,  0.5763,  0.6745,  ...,  0.0473,  0.1778,  0.5324],
         ...,
         [ 0.3225,  0.6221,  0.7536,  ..., -0.0151,  0.1504,  0.6227],
         [ 0.3180,  0.6184,  0.7468,  ..., -0.0128,  0.1531,  0.6233],
         [ 0.3230,  0.6254,  0.7501,  ..., -0.0085,  0.1543,  0.6222]],

        ...,

        [[ 0.4231,  0.9121,  1.0112,  ..., -0.1057,  0.1574,  0.5343],
         [ 0.3869,  0.8867,  1.0095,  ..., -0.0127,  0.1714,  0.5616],
         [ 0.4420,  0.9009,  1.0343,  ...,  0.0283,  0.1506,  0.5887],
         ...,
         [ 0.4472,  0.9053,  1.0323,  ..., -0.0518,  0.1733,  0.5531],
         [ 0.4492,  0.9080,  1.0317,  ..., -0.0522,  0.1746,  0.5553],
         [ 0.4553,  0.9149,  1.0313,  ..., -0.0502,  0.1750,  0.5561]],

        [[ 0.4400,  0.8493,  0.9008,  ..., -0.1047,  0.1335,  0.5110],
         [ 0.4690,  0.8615,  0.9426,  ..., -0.0104,  0.1484,  0.5493],
         [ 0.4918,  0.9105,  0.9638,  ..., -0.0087,  0.1355,  0.5405],
         ...,
         [ 0.4561,  0.8834,  0.9406,  ..., -0.0435,  0.1428,  0.5367],
         [ 0.4612,  0.8872,  0.9414,  ..., -0.0469,  0.1444,  0.5337],
         [ 0.4685,  0.8949,  0.9462,  ..., -0.0472,  0.1437,  0.5296]],

        [[ 0.2963,  0.6334,  0.8182,  ...,  0.0362,  0.0980,  0.5571],
         [ 0.2723,  0.6135,  0.8119,  ...,  0.1868,  0.1041,  0.7566],
         [ 0.3059,  0.6622,  0.7600,  ...,  0.1155,  0.1448,  0.7093],
         ...,
         [ 0.3430,  0.6532,  0.8328,  ...,  0.1041,  0.1336,  0.7870],
         [ 0.3461,  0.6557,  0.8356,  ...,  0.0992,  0.1307,  0.7768],
         [ 0.3522,  0.6679,  0.8436,  ...,  0.0955,  0.1271,  0.7708]]],
       grad_fn=<ViewBackward0>)
