output Size: torch.Size([32, 12, 64, 42])

output ID: tensor([[[[ 4.5570e-01,  8.2519e-01,  8.2779e-01,  ..., -6.2402e-01,
            2.0497e-03,  3.4305e-01],
          [ 4.4731e-01,  8.3088e-01,  8.9381e-01,  ..., -6.5819e-01,
            2.4439e-02,  3.3942e-01],
          [ 4.6370e-01,  8.6073e-01,  9.0949e-01,  ..., -7.3124e-01,
            2.0046e-02,  3.3797e-01],
          ...,
          [ 4.7311e-01,  8.5011e-01,  9.1906e-01,  ..., -7.5347e-01,
            3.6093e-02,  3.7221e-01],
          [ 4.7414e-01,  8.5068e-01,  9.1835e-01,  ..., -7.5315e-01,
            3.5553e-02,  3.7173e-01],
          [ 4.7768e-01,  8.5721e-01,  9.2410e-01,  ..., -7.6549e-01,
            3.7530e-02,  3.7217e-01]],

         [[ 1.2523e+00,  1.2435e+00,  5.6034e-01,  ..., -1.7298e-01,
           -5.4618e-01,  4.0266e-02],
          [ 1.2414e+00,  1.1654e+00,  4.9829e-01,  ..., -1.7512e-01,
           -4.8560e-01,  7.0317e-02],
          [ 1.2730e+00,  1.2898e+00,  5.8753e-01,  ..., -1.9101e-01,
           -5.6638e-01,  7.1001e-02],
          ...,
          [ 1.2552e+00,  1.2828e+00,  5.7764e-01,  ..., -1.4830e-01,
           -5.8599e-01,  6.9055e-02],
          [ 1.2536e+00,  1.2757e+00,  5.7400e-01,  ..., -1.4699e-01,
           -5.7728e-01,  6.9443e-02],
          [ 1.2519e+00,  1.2705e+00,  5.7229e-01,  ..., -1.4591e-01,
           -5.7089e-01,  6.9781e-02]],

         [[-7.7641e-01,  3.8292e-01, -9.4959e-02,  ..., -9.6350e-02,
            5.7988e-01,  6.0730e-02],
          [-7.9389e-01,  4.2222e-01, -3.8757e-02,  ..., -1.8539e-01,
            5.4906e-01,  1.8123e-02],
          [-8.5426e-01,  3.9775e-01, -1.0358e-01,  ..., -2.6554e-01,
            4.7681e-01, -4.1989e-02],
          ...,
          [-8.3109e-01,  3.8186e-01, -8.9971e-02,  ..., -2.2159e-01,
            4.9311e-01, -1.7727e-02],
          [-8.3105e-01,  3.8731e-01, -8.6455e-02,  ..., -2.2581e-01,
            4.9254e-01, -1.9052e-02],
          [-8.3427e-01,  3.9104e-01, -8.4740e-02,  ..., -2.3453e-01,
            4.9077e-01, -2.1687e-02]],

         ...,

         [[ 1.0086e+00, -2.5465e-01,  2.1421e-01,  ..., -1.2872e+00,
           -1.9890e-01, -4.0572e-01],
          [ 9.8000e-01, -2.4765e-01,  1.8740e-01,  ..., -1.1972e+00,
           -2.2022e-01, -4.6272e-01],
          [ 9.9036e-01, -2.1923e-01,  1.4966e-01,  ..., -1.1230e+00,
           -1.9480e-01, -4.8656e-01],
          ...,
          [ 9.8857e-01, -2.5384e-01,  1.5433e-01,  ..., -1.1709e+00,
           -2.1743e-01, -4.5932e-01],
          [ 9.8554e-01, -2.5059e-01,  1.4860e-01,  ..., -1.1564e+00,
           -2.1816e-01, -4.6561e-01],
          [ 9.8601e-01, -2.5047e-01,  1.4682e-01,  ..., -1.1521e+00,
           -2.1732e-01, -4.6830e-01]],

         [[-5.4578e-01, -2.6433e-01,  1.3028e-01,  ..., -3.5945e-01,
           -9.9064e-01, -5.9006e-01],
          [-3.9446e-01, -7.8302e-02,  8.2690e-02,  ..., -3.0415e-01,
           -8.4334e-01, -5.3256e-01],
          [-5.4697e-01, -2.6065e-01,  1.2138e-01,  ..., -3.5195e-01,
           -9.7658e-01, -5.9082e-01],
          ...,
          [-4.6018e-01, -1.8993e-01,  8.9413e-02,  ..., -3.3861e-01,
           -9.2709e-01, -5.5934e-01],
          [-4.6075e-01, -1.8941e-01,  8.8946e-02,  ..., -3.4174e-01,
           -9.3205e-01, -5.5495e-01],
          [-4.6396e-01, -1.9178e-01,  8.8784e-02,  ..., -3.4407e-01,
           -9.3585e-01, -5.5200e-01]],

         [[-1.6521e-01,  2.5739e-01, -1.5320e-01,  ..., -4.5062e-02,
            1.3585e-01,  5.4398e-01],
          [-1.8074e-01,  2.9741e-01, -1.3026e-01,  ...,  1.1413e-02,
            1.3301e-01,  5.8863e-01],
          [-1.8991e-01,  3.1092e-01, -1.0873e-01,  ...,  1.1408e-02,
            1.4546e-01,  5.7293e-01],
          ...,
          [-1.9404e-01,  3.4082e-01, -1.5091e-01,  ...,  4.2390e-02,
            1.3415e-01,  6.0760e-01],
          [-1.8933e-01,  3.3671e-01, -1.4866e-01,  ...,  4.1122e-02,
            1.3262e-01,  6.0354e-01],
          [-1.8472e-01,  3.3569e-01, -1.4607e-01,  ...,  4.4636e-02,
            1.2967e-01,  6.0293e-01]]],


        [[[ 3.7605e-01,  6.8695e-01,  8.6330e-01,  ..., -5.0796e-01,
            2.0697e-02,  3.2823e-01],
          [ 3.9485e-01,  7.2663e-01,  9.0434e-01,  ..., -5.7459e-01,
            5.5449e-02,  3.1144e-01],
          [ 4.3625e-01,  7.8003e-01,  9.6788e-01,  ..., -6.7000e-01,
            8.4751e-02,  3.5513e-01],
          ...,
          [ 4.2431e-01,  6.8181e-01,  9.1443e-01,  ..., -5.4784e-01,
            5.7173e-02,  3.3280e-01],
          [ 4.2373e-01,  6.8189e-01,  9.0998e-01,  ..., -5.4788e-01,
            5.3855e-02,  3.3384e-01],
          [ 4.2647e-01,  6.9249e-01,  9.1065e-01,  ..., -5.6192e-01,
            4.7718e-02,  3.3612e-01]],

         [[ 1.1825e+00,  1.0886e+00,  4.6988e-01,  ..., -5.1671e-02,
           -4.4396e-01,  8.8487e-03],
          [ 1.1782e+00,  1.1061e+00,  4.8638e-01,  ..., -7.3857e-02,
           -3.5939e-01,  5.2486e-02],
          [ 1.1884e+00,  1.0432e+00,  4.8715e-01,  ..., -8.5215e-02,
           -4.0874e-01,  1.7801e-02],
          ...,
          [ 1.1950e+00,  1.1662e+00,  5.3811e-01,  ..., -7.1053e-02,
           -4.8165e-01,  3.2584e-02],
          [ 1.1903e+00,  1.1529e+00,  5.2805e-01,  ..., -6.4789e-02,
           -4.7067e-01,  3.3412e-02],
          [ 1.1887e+00,  1.1484e+00,  5.2350e-01,  ..., -5.9931e-02,
           -4.6613e-01,  3.5053e-02]],

         [[-7.1839e-01,  5.0446e-01, -2.3109e-02,  ..., -1.8069e-03,
            4.3781e-01,  1.6470e-01],
          [-8.6277e-01,  4.5197e-01, -8.7991e-02,  ..., -2.2688e-01,
            4.5985e-01,  2.7972e-04],
          [-7.9606e-01,  4.7334e-01, -2.2212e-02,  ..., -7.5890e-02,
            4.3096e-01,  8.4344e-02],
          ...,
          [-8.1515e-01,  4.6989e-01, -6.4183e-02,  ..., -1.3747e-01,
            4.2545e-01,  3.5684e-02],
          [-8.1671e-01,  4.7708e-01, -6.2127e-02,  ..., -1.4240e-01,
            4.2397e-01,  2.8709e-02],
          [-8.2114e-01,  4.8057e-01, -6.4206e-02,  ..., -1.5006e-01,
            4.2402e-01,  2.2795e-02]],

         ...,

         [[ 8.7909e-01, -2.0362e-01,  8.3831e-02,  ..., -1.1440e+00,
           -8.2809e-02, -5.2071e-01],
          [ 9.0331e-01, -1.3177e-01,  4.4979e-02,  ..., -1.1267e+00,
           -1.9331e-01, -5.5426e-01],
          [ 8.7383e-01, -1.7444e-01,  6.8950e-02,  ..., -1.1289e+00,
           -1.5257e-01, -5.0430e-01],
          ...,
          [ 8.3818e-01, -1.0302e-01, -9.7545e-03,  ..., -1.0410e+00,
           -1.7719e-01, -6.0464e-01],
          [ 8.3712e-01, -1.0325e-01, -1.6379e-02,  ..., -1.0355e+00,
           -1.7910e-01, -6.0912e-01],
          [ 8.3771e-01, -1.0637e-01, -1.6308e-02,  ..., -1.0359e+00,
           -1.8024e-01, -6.0763e-01]],

         [[-5.2590e-01, -1.6784e-01,  8.5657e-02,  ..., -3.8307e-01,
           -8.7263e-01, -5.6930e-01],
          [-5.4013e-01, -1.9667e-01,  9.4322e-02,  ..., -3.7760e-01,
           -8.9046e-01, -5.8650e-01],
          [-3.7978e-01, -3.2248e-02,  5.8813e-02,  ..., -4.1092e-01,
           -6.8509e-01, -4.9582e-01],
          ...,
          [-3.7920e-01, -2.7533e-02,  3.1419e-02,  ..., -3.9823e-01,
           -7.0302e-01, -5.0356e-01],
          [-3.8033e-01, -3.4434e-02,  2.8658e-02,  ..., -3.9931e-01,
           -7.0958e-01, -4.9885e-01],
          [-3.8390e-01, -4.1737e-02,  2.8278e-02,  ..., -4.0171e-01,
           -7.1607e-01, -4.9494e-01]],

         [[-1.9734e-01,  2.7551e-01, -6.9847e-02,  ..., -3.0125e-02,
            1.4032e-01,  5.3165e-01],
          [-1.9176e-01,  3.5632e-01,  5.9811e-02,  ...,  4.0022e-02,
            1.4889e-01,  6.2451e-01],
          [-2.0494e-01,  3.6878e-01,  2.8356e-02,  ...,  6.3488e-02,
            1.6833e-01,  6.4350e-01],
          ...,
          [-1.9454e-01,  3.5786e-01,  3.0169e-02,  ...,  3.1663e-02,
            1.6844e-01,  6.4017e-01],
          [-1.8687e-01,  3.5762e-01,  3.3133e-02,  ...,  3.3132e-02,
            1.6599e-01,  6.3698e-01],
          [-1.8322e-01,  3.6030e-01,  4.0179e-02,  ...,  3.5048e-02,
            1.6272e-01,  6.3903e-01]]],


        [[[ 2.3732e-01,  5.3910e-01,  8.0423e-01,  ..., -9.3248e-02,
            4.3450e-03,  2.0645e-01],
          [ 3.7188e-01,  7.5515e-01,  9.3537e-01,  ..., -5.2281e-01,
            1.1264e-01,  3.0926e-01],
          [ 2.3671e-01,  6.0590e-01,  8.5558e-01,  ..., -2.0397e-01,
            4.4009e-02,  2.1695e-01],
          ...,
          [ 2.0747e-01,  5.9716e-01,  7.8465e-01,  ..., -2.2435e-01,
            3.8476e-02,  2.5980e-01],
          [ 2.0626e-01,  5.8888e-01,  7.7830e-01,  ..., -2.2552e-01,
            3.6476e-02,  2.5571e-01],
          [ 2.0814e-01,  5.8681e-01,  7.7687e-01,  ..., -2.4124e-01,
            3.4209e-02,  2.4944e-01]],

         [[ 9.6078e-01,  8.9613e-01,  4.2686e-01,  ..., -4.4697e-02,
           -1.8314e-01, -6.8021e-02],
          [ 1.0181e+00,  8.8843e-01,  4.4468e-01,  ..., -9.4845e-02,
           -1.8354e-01, -6.3911e-02],
          [ 1.0266e+00,  9.9695e-01,  4.7770e-01,  ..., -4.1887e-02,
           -2.4624e-01, -9.1653e-02],
          ...,
          [ 1.0033e+00,  9.4213e-01,  4.2705e-01,  ..., -7.0597e-02,
           -2.6536e-01, -3.7210e-02],
          [ 9.9539e-01,  9.3288e-01,  4.1924e-01,  ..., -6.8837e-02,
           -2.5247e-01, -3.4109e-02],
          [ 9.8669e-01,  9.3014e-01,  4.1495e-01,  ..., -6.4831e-02,
           -2.4429e-01, -3.1929e-02]],

         [[-6.3058e-01,  5.9157e-01, -1.1401e-02,  ...,  2.0804e-01,
            5.1911e-01,  1.6653e-01],
          [-6.6813e-01,  5.9334e-01, -3.8626e-02,  ...,  2.9308e-02,
            5.7959e-01,  1.2946e-01],
          [-7.4416e-01,  5.8449e-01, -9.6489e-02,  ..., -3.6660e-02,
            5.3151e-01,  4.3746e-02],
          ...,
          [-6.9616e-01,  5.2130e-01, -4.9916e-02,  ...,  3.4444e-02,
            5.1577e-01,  7.3771e-02],
          [-6.9843e-01,  5.2170e-01, -5.2109e-02,  ...,  2.6830e-02,
            5.1350e-01,  6.8458e-02],
          [-7.0107e-01,  5.2233e-01, -6.1612e-02,  ...,  2.1042e-02,
            5.0930e-01,  6.6421e-02]],

         ...,

         [[ 8.4040e-01,  8.5296e-03, -9.1932e-02,  ..., -1.0108e+00,
           -6.6383e-02, -5.0858e-01],
          [ 6.6511e-01,  1.5971e-01, -2.0947e-01,  ..., -8.9115e-01,
           -1.6298e-01, -5.8732e-01],
          [ 6.8741e-01,  1.2225e-01, -2.5655e-01,  ..., -8.4596e-01,
           -4.1213e-02, -5.5918e-01],
          ...,
          [ 7.9751e-01,  4.1338e-02, -1.1871e-01,  ..., -9.0600e-01,
           -8.2662e-02, -5.2749e-01],
          [ 7.9874e-01,  4.4360e-02, -1.3309e-01,  ..., -8.9533e-01,
           -7.2632e-02, -5.3008e-01],
          [ 8.0266e-01,  3.8846e-02, -1.3246e-01,  ..., -8.9198e-01,
           -6.9729e-02, -5.3010e-01]],

         [[-4.7195e-01,  5.6695e-02,  4.6467e-02,  ..., -3.5390e-01,
           -7.3937e-01, -5.2331e-01],
          [-3.6308e-01,  1.5355e-01,  2.1377e-02,  ..., -3.9090e-01,
           -6.5564e-01, -5.0027e-01],
          [-3.2300e-01,  2.2515e-01,  4.5149e-03,  ..., -3.7122e-01,
           -6.3132e-01, -4.8009e-01],
          ...,
          [-3.1183e-01,  1.5348e-01, -1.0786e-02,  ..., -3.3764e-01,
           -6.5734e-01, -3.8911e-01],
          [-3.1547e-01,  1.5129e-01, -1.1143e-02,  ..., -3.4208e-01,
           -6.5985e-01, -3.7940e-01],
          [-3.2087e-01,  1.4640e-01, -1.0273e-02,  ..., -3.4748e-01,
           -6.6100e-01, -3.7062e-01]],

         [[-1.1809e-01,  2.7679e-01, -6.2227e-02,  ...,  3.2525e-02,
            1.9840e-01,  5.7905e-01],
          [-8.0739e-02,  2.8548e-01,  8.8623e-03,  ...,  1.1051e-01,
            2.9783e-01,  6.4155e-01],
          [-7.5062e-02,  3.0651e-01,  1.6085e-02,  ...,  1.4164e-01,
            2.6133e-01,  6.1951e-01],
          ...,
          [-2.2353e-02,  3.6169e-01,  1.4755e-01,  ...,  1.7197e-01,
            3.1108e-01,  7.1119e-01],
          [-1.7693e-02,  3.6200e-01,  1.4502e-01,  ...,  1.7405e-01,
            3.0557e-01,  7.0943e-01],
          [-1.8050e-02,  3.6474e-01,  1.4885e-01,  ...,  1.8495e-01,
            2.9542e-01,  7.1071e-01]]],


        ...,


        [[[ 2.6963e-01,  7.7162e-01,  7.7978e-01,  ..., -6.1068e-01,
            1.7199e-01,  4.3157e-01],
          [ 3.6089e-01,  8.2479e-01,  8.8050e-01,  ..., -7.4008e-01,
            1.2599e-01,  4.3581e-01],
          [ 3.4687e-01,  8.0671e-01,  8.6282e-01,  ..., -6.8407e-01,
            1.3184e-01,  4.1168e-01],
          ...,
          [ 3.4756e-01,  8.0160e-01,  8.5159e-01,  ..., -6.6515e-01,
            1.2222e-01,  4.3227e-01],
          [ 3.4652e-01,  8.0257e-01,  8.4698e-01,  ..., -6.6708e-01,
            1.2288e-01,  4.3341e-01],
          [ 3.5367e-01,  8.1123e-01,  8.5076e-01,  ..., -6.8269e-01,
            1.2093e-01,  4.3268e-01]],

         [[ 1.1376e+00,  1.1877e+00,  4.8542e-01,  ..., -7.1235e-02,
           -4.7268e-01,  2.6768e-02],
          [ 1.1604e+00,  1.1828e+00,  5.0436e-01,  ..., -1.1891e-01,
           -4.6610e-01,  2.4357e-02],
          [ 1.0232e+00,  1.0133e+00,  3.6077e-01,  ..., -3.4048e-02,
           -2.9491e-01, -1.4088e-02],
          ...,
          [ 1.1241e+00,  1.1966e+00,  4.7416e-01,  ..., -5.6188e-03,
           -4.6325e-01,  1.3089e-02],
          [ 1.1216e+00,  1.1910e+00,  4.7130e-01,  ..., -8.2005e-03,
           -4.5806e-01,  1.6726e-02],
          [ 1.1230e+00,  1.1957e+00,  4.7401e-01,  ..., -9.5507e-03,
           -4.5822e-01,  2.1247e-02]],

         [[-7.9851e-01,  3.5978e-01, -2.6499e-01,  ...,  6.4751e-02,
            5.9845e-01,  1.4923e-01],
          [-8.5880e-01,  3.5975e-01, -1.4585e-01,  ..., -1.0614e-01,
            5.1812e-01,  2.8850e-02],
          [-8.4790e-01,  4.1748e-01, -2.2676e-01,  ..., -1.6480e-02,
            5.6059e-01,  8.8220e-02],
          ...,
          [-8.4976e-01,  3.5270e-01, -1.8005e-01,  ..., -1.0346e-01,
            5.2006e-01,  5.6305e-02],
          [-8.5493e-01,  3.5641e-01, -1.7195e-01,  ..., -9.6632e-02,
            5.2034e-01,  5.1498e-02],
          [-8.5898e-01,  3.5988e-01, -1.7011e-01,  ..., -1.0153e-01,
            5.1983e-01,  4.7649e-02]],

         ...,

         [[ 8.7694e-01, -2.1967e-01,  1.6920e-01,  ..., -1.2654e+00,
           -1.5447e-01, -5.3481e-01],
          [ 8.5326e-01, -2.1033e-01,  1.5539e-01,  ..., -1.2970e+00,
           -2.1998e-01, -5.0826e-01],
          [ 9.2362e-01, -2.4901e-01,  2.2504e-01,  ..., -1.3521e+00,
           -2.1730e-01, -4.1438e-01],
          ...,
          [ 7.9612e-01, -2.7175e-01,  6.4193e-02,  ..., -1.1360e+00,
           -2.1573e-01, -5.9438e-01],
          [ 7.9023e-01, -2.7448e-01,  5.6585e-02,  ..., -1.1104e+00,
           -2.1531e-01, -6.0873e-01],
          [ 7.9094e-01, -2.6852e-01,  5.9701e-02,  ..., -1.1005e+00,
           -2.1336e-01, -6.1476e-01]],

         [[-5.1099e-01, -1.8907e-01,  1.2076e-01,  ..., -3.3651e-01,
           -9.1382e-01, -5.9114e-01],
          [-4.7089e-01, -9.7094e-02,  1.3319e-01,  ..., -3.2236e-01,
           -8.0481e-01, -5.7619e-01],
          [-5.5140e-01, -2.1382e-01,  1.2198e-01,  ..., -3.4462e-01,
           -9.3303e-01, -5.9265e-01],
          ...,
          [-4.0983e-01, -9.1210e-02,  1.0143e-01,  ..., -3.2238e-01,
           -8.0271e-01, -5.4502e-01],
          [-4.1444e-01, -9.1397e-02,  9.4224e-02,  ..., -3.2251e-01,
           -8.0786e-01, -5.4062e-01],
          [-4.2190e-01, -9.1893e-02,  8.9288e-02,  ..., -3.2276e-01,
           -8.1122e-01, -5.3779e-01]],

         [[-1.8003e-01,  2.6947e-01, -1.2378e-01,  ..., -2.1494e-02,
            1.5361e-01,  4.9431e-01],
          [-1.7641e-01,  3.4430e-01, -4.1648e-02,  ...,  8.8545e-02,
            1.7565e-01,  5.3936e-01],
          [-1.5392e-01,  3.2231e-01, -5.2936e-02,  ...,  6.0691e-02,
            1.7217e-01,  5.5332e-01],
          ...,
          [-1.5743e-01,  4.0895e-01,  1.3036e-02,  ...,  8.2958e-02,
            2.0401e-01,  5.7212e-01],
          [-1.4227e-01,  3.9379e-01,  6.6758e-03,  ...,  7.6019e-02,
            2.0713e-01,  5.6520e-01],
          [-1.3203e-01,  3.8476e-01,  5.0596e-03,  ...,  7.3429e-02,
            2.0739e-01,  5.6162e-01]]],


        [[[ 3.5011e-01,  8.5905e-01,  9.0352e-01,  ..., -7.5990e-01,
            5.0162e-02,  3.3687e-01],
          [ 4.1146e-01,  8.8777e-01,  9.2443e-01,  ..., -7.9488e-01,
            5.0187e-02,  3.8861e-01],
          [ 2.9287e-01,  8.3644e-01,  8.8843e-01,  ..., -6.6013e-01,
            7.5412e-02,  3.1540e-01],
          ...,
          [ 4.1868e-01,  8.8491e-01,  9.5223e-01,  ..., -8.4409e-01,
            5.0262e-02,  3.7233e-01],
          [ 4.1738e-01,  8.8387e-01,  9.5131e-01,  ..., -8.4493e-01,
            5.0076e-02,  3.7034e-01],
          [ 4.2191e-01,  8.8751e-01,  9.5471e-01,  ..., -8.5568e-01,
            5.0045e-02,  3.7034e-01]],

         [[ 1.2680e+00,  1.2638e+00,  5.4132e-01,  ..., -1.1831e-01,
           -6.0493e-01,  9.5808e-02],
          [ 1.2760e+00,  1.2590e+00,  5.6703e-01,  ..., -1.4441e-01,
           -6.0453e-01,  9.8095e-02],
          [ 1.2658e+00,  1.2056e+00,  5.2898e-01,  ..., -1.2604e-01,
           -5.6377e-01,  9.3656e-02],
          ...,
          [ 1.2505e+00,  1.2718e+00,  5.4911e-01,  ..., -9.9809e-02,
           -6.1283e-01,  1.1441e-01],
          [ 1.2463e+00,  1.2604e+00,  5.4329e-01,  ..., -9.8042e-02,
           -6.0400e-01,  1.1750e-01],
          [ 1.2434e+00,  1.2528e+00,  5.4183e-01,  ..., -9.6963e-02,
           -5.9840e-01,  1.1855e-01]],

         [[-7.7951e-01,  3.2961e-01, -1.0651e-01,  ..., -9.9812e-02,
            5.0608e-01, -4.9624e-02],
          [-7.4400e-01,  3.4306e-01, -8.7544e-02,  ..., -1.2559e-01,
            4.6507e-01, -3.9753e-02],
          [-8.1138e-01,  3.6805e-01, -8.9659e-02,  ..., -2.1242e-01,
            4.5034e-01, -6.6743e-02],
          ...,
          [-8.3621e-01,  3.4520e-01, -9.3428e-02,  ..., -2.4442e-01,
            4.4888e-01, -5.7416e-02],
          [-8.3557e-01,  3.4985e-01, -9.1836e-02,  ..., -2.4607e-01,
            4.4782e-01, -5.9100e-02],
          [-8.3831e-01,  3.5522e-01, -9.2327e-02,  ..., -2.4998e-01,
            4.4810e-01, -6.1582e-02]],

         ...,

         [[ 9.8427e-01, -2.6321e-01,  2.8347e-01,  ..., -1.3537e+00,
           -2.0406e-01, -4.2638e-01],
          [ 9.7519e-01, -2.7516e-01,  3.1383e-01,  ..., -1.3863e+00,
           -2.2224e-01, -4.1667e-01],
          [ 9.8853e-01, -2.7973e-01,  2.7908e-01,  ..., -1.3412e+00,
           -2.2233e-01, -4.3038e-01],
          ...,
          [ 9.7346e-01, -2.6261e-01,  2.2778e-01,  ..., -1.2451e+00,
           -2.0773e-01, -5.2240e-01],
          [ 9.7395e-01, -2.6319e-01,  2.2521e-01,  ..., -1.2394e+00,
           -2.1195e-01, -5.2797e-01],
          [ 9.7563e-01, -2.6179e-01,  2.2485e-01,  ..., -1.2380e+00,
           -2.1427e-01, -5.2959e-01]],

         [[-5.8582e-01, -2.4392e-01,  1.5769e-01,  ..., -3.7930e-01,
           -9.7807e-01, -5.4662e-01],
          [-5.7196e-01, -2.1535e-01,  1.5914e-01,  ..., -3.7943e-01,
           -9.4799e-01, -5.4831e-01],
          [-5.6457e-01, -2.5772e-01,  1.6144e-01,  ..., -3.9683e-01,
           -9.9416e-01, -5.4625e-01],
          ...,
          [-5.5058e-01, -1.3257e-01,  1.3315e-01,  ..., -4.0778e-01,
           -8.8914e-01, -5.0736e-01],
          [-5.4812e-01, -1.2640e-01,  1.3007e-01,  ..., -4.0656e-01,
           -8.8752e-01, -5.0339e-01],
          [-5.4577e-01, -1.2442e-01,  1.2866e-01,  ..., -4.0648e-01,
           -8.8810e-01, -5.0325e-01]],

         [[-1.9178e-01,  2.7278e-01, -1.7714e-01,  ..., -7.3561e-02,
            1.9280e-01,  4.9842e-01],
          [-1.9582e-01,  4.0652e-01, -1.6447e-01,  ...,  7.6243e-02,
            2.4493e-01,  5.0773e-01],
          [-1.9267e-01,  3.3546e-01, -1.3466e-01,  ...,  2.1328e-02,
            2.3493e-01,  5.1196e-01],
          ...,
          [-1.3823e-01,  3.4290e-01, -1.6481e-01,  ..., -3.3117e-02,
            2.3863e-01,  5.3084e-01],
          [-1.4162e-01,  3.4194e-01, -1.6016e-01,  ..., -2.8915e-02,
            2.4150e-01,  5.3221e-01],
          [-1.4290e-01,  3.4252e-01, -1.5896e-01,  ..., -2.4357e-02,
            2.4311e-01,  5.3159e-01]]],


        [[[ 4.4471e-01,  7.4538e-01,  9.2137e-01,  ..., -5.8883e-01,
            3.8394e-02,  3.9168e-01],
          [ 4.6592e-01,  8.0674e-01,  9.6470e-01,  ..., -7.4555e-01,
            6.3437e-02,  4.0859e-01],
          [ 4.1739e-01,  7.4641e-01,  9.4984e-01,  ..., -6.3057e-01,
            7.5807e-02,  4.0481e-01],
          ...,
          [ 4.4881e-01,  7.8833e-01,  9.4174e-01,  ..., -6.9713e-01,
            3.6902e-02,  4.2166e-01],
          [ 4.5147e-01,  7.9068e-01,  9.3689e-01,  ..., -6.9896e-01,
            3.3800e-02,  4.2413e-01],
          [ 4.5779e-01,  8.0001e-01,  9.3569e-01,  ..., -7.1210e-01,
            3.0625e-02,  4.2470e-01]],

         [[ 1.2075e+00,  1.2408e+00,  5.0059e-01,  ..., -7.5654e-02,
           -4.9143e-01,  5.5028e-02],
          [ 1.2146e+00,  1.2693e+00,  5.5558e-01,  ..., -1.3768e-01,
           -5.1102e-01,  5.8911e-02],
          [ 1.2486e+00,  1.2946e+00,  5.5238e-01,  ..., -1.2934e-01,
           -5.3167e-01,  6.4937e-02],
          ...,
          [ 1.2118e+00,  1.2937e+00,  5.6114e-01,  ..., -8.5216e-02,
           -5.4677e-01,  6.6066e-02],
          [ 1.2099e+00,  1.2887e+00,  5.5740e-01,  ..., -8.5120e-02,
           -5.3986e-01,  6.9116e-02],
          [ 1.2098e+00,  1.2865e+00,  5.5459e-01,  ..., -8.2666e-02,
           -5.3362e-01,  7.1717e-02]],

         [[-7.0560e-01,  3.1294e-01, -1.5969e-01,  ..., -8.9952e-03,
            4.0813e-01,  1.2314e-02],
          [-8.0363e-01,  3.5264e-01, -8.6429e-02,  ..., -2.2199e-01,
            4.2333e-01, -4.4019e-02],
          [-7.4158e-01,  3.1463e-01, -1.2512e-01,  ..., -1.3050e-01,
            4.7037e-01,  3.1183e-02],
          ...,
          [-8.1211e-01,  3.3972e-01, -1.3359e-01,  ..., -2.1528e-01,
            4.3855e-01, -1.9549e-02],
          [-8.1402e-01,  3.4195e-01, -1.2615e-01,  ..., -2.2285e-01,
            4.3237e-01, -2.5615e-02],
          [-8.1712e-01,  3.4600e-01, -1.2143e-01,  ..., -2.2835e-01,
            4.3077e-01, -2.9517e-02]],

         ...,

         [[ 9.1946e-01, -2.9050e-01,  2.0149e-01,  ..., -1.2611e+00,
           -1.5864e-01, -4.6813e-01],
          [ 8.9327e-01, -2.9086e-01,  2.0566e-01,  ..., -1.2385e+00,
           -2.1294e-01, -4.9753e-01],
          [ 8.9975e-01, -2.8791e-01,  1.9830e-01,  ..., -1.2376e+00,
           -1.9389e-01, -4.8018e-01],
          ...,
          [ 8.7123e-01, -2.9160e-01,  1.4662e-01,  ..., -1.1392e+00,
           -1.7604e-01, -5.6271e-01],
          [ 8.6815e-01, -2.9190e-01,  1.4665e-01,  ..., -1.1305e+00,
           -1.7888e-01, -5.6780e-01],
          [ 8.6381e-01, -2.9048e-01,  1.4871e-01,  ..., -1.1253e+00,
           -1.8074e-01, -5.7291e-01]],

         [[-5.2146e-01, -2.1177e-01,  1.2977e-01,  ..., -3.3186e-01,
           -8.9639e-01, -5.7373e-01],
          [-4.5757e-01, -5.7700e-02,  1.1269e-01,  ..., -2.9938e-01,
           -7.5585e-01, -5.4258e-01],
          [-4.8871e-01, -1.2333e-01,  1.0350e-01,  ..., -3.0050e-01,
           -8.3685e-01, -5.6295e-01],
          ...,
          [-4.6080e-01, -1.2177e-01,  1.0972e-01,  ..., -3.0622e-01,
           -8.1277e-01, -5.4779e-01],
          [-4.6223e-01, -1.1716e-01,  1.0086e-01,  ..., -3.0689e-01,
           -8.1619e-01, -5.4202e-01],
          [-4.6413e-01, -1.0922e-01,  9.1963e-02,  ..., -3.0619e-01,
           -8.1361e-01, -5.3733e-01]],

         [[-1.6265e-01,  2.8520e-01, -1.2207e-01,  ..., -6.4663e-02,
            1.3996e-01,  4.7783e-01],
          [-1.9051e-01,  3.8412e-01, -5.1537e-02,  ...,  4.4040e-02,
            1.6054e-01,  5.2357e-01],
          [-1.6096e-01,  3.4453e-01, -7.1396e-02,  ...,  1.7887e-02,
            1.8157e-01,  4.5545e-01],
          ...,
          [-1.5486e-01,  3.5323e-01, -3.0185e-02,  ..., -1.1511e-02,
            1.4781e-01,  5.5712e-01],
          [-1.5133e-01,  3.5185e-01, -3.0385e-02,  ..., -9.7232e-03,
            1.5100e-01,  5.5856e-01],
          [-1.4907e-01,  3.5295e-01, -2.5220e-02,  ..., -5.9391e-03,
            1.5113e-01,  5.6137e-01]]]], grad_fn=<UnsafeViewBackward0>)
