output Size: torch.Size([32, 12, 64, 64])

output ID: tensor([[[[-1.0000e+09,  3.0084e-01, -9.7212e-02,  ...,  1.4868e-01,
            1.6327e-01,  1.0560e-01],
          [-1.0000e+09, -1.0000e+09,  6.2679e-01,  ...,  3.0736e-01,
            3.0019e-01,  3.3407e-01],
          [-1.0000e+09, -1.0000e+09, -1.0000e+09,  ...,  4.5219e-01,
            5.3303e-01,  6.0860e-01],
          ...,
          [-1.0000e+09, -1.0000e+09, -1.0000e+09,  ..., -1.0000e+09,
            1.1444e+00,  1.2599e+00],
          [-1.0000e+09, -1.0000e+09, -1.0000e+09,  ..., -1.0000e+09,
           -1.0000e+09,  1.2106e+00],
          [-1.0000e+09, -1.0000e+09, -1.0000e+09,  ..., -1.0000e+09,
           -1.0000e+09, -1.0000e+09]],

         [[-1.0000e+09,  1.2196e-02,  4.1162e-02,  ...,  1.2473e-01,
            8.6751e-02, -3.4884e-03],
          [-1.0000e+09, -1.0000e+09,  3.0301e-01,  ...,  7.2506e-01,
            7.8241e-01,  7.6178e-01],
          [-1.0000e+09, -1.0000e+09, -1.0000e+09,  ...,  7.8912e-01,
            9.6938e-01,  1.0811e+00],
          ...,
          [-1.0000e+09, -1.0000e+09, -1.0000e+09,  ..., -1.0000e+09,
            7.9114e-01,  7.5896e-01],
          [-1.0000e+09, -1.0000e+09, -1.0000e+09,  ..., -1.0000e+09,
           -1.0000e+09,  7.8070e-01],
          [-1.0000e+09, -1.0000e+09, -1.0000e+09,  ..., -1.0000e+09,
           -1.0000e+09, -1.0000e+09]],

         [[-1.0000e+09,  3.8466e-01,  3.8346e-01,  ..., -3.2143e-01,
           -3.5946e-01, -3.9825e-01],
          [-1.0000e+09, -1.0000e+09,  3.7036e-01,  ..., -5.7529e-02,
           -1.2965e-01, -1.5283e-01],
          [-1.0000e+09, -1.0000e+09, -1.0000e+09,  ..., -2.7648e-01,
           -3.6078e-01, -4.4241e-01],
          ...,
          [-1.0000e+09, -1.0000e+09, -1.0000e+09,  ..., -1.0000e+09,
           -1.6058e-01, -1.5942e-01],
          [-1.0000e+09, -1.0000e+09, -1.0000e+09,  ..., -1.0000e+09,
           -1.0000e+09, -2.0102e-01],
          [-1.0000e+09, -1.0000e+09, -1.0000e+09,  ..., -1.0000e+09,
           -1.0000e+09, -1.0000e+09]],

         ...,

         [[-1.0000e+09,  6.3671e-01,  1.3212e-01,  ...,  5.1487e-01,
            6.4531e-01,  7.4046e-01],
          [-1.0000e+09, -1.0000e+09, -6.9439e-02,  ..., -2.9255e-01,
           -2.7301e-01, -2.6072e-01],
          [-1.0000e+09, -1.0000e+09, -1.0000e+09,  ...,  2.4857e-01,
            2.9245e-01,  2.6965e-01],
          ...,
          [-1.0000e+09, -1.0000e+09, -1.0000e+09,  ..., -1.0000e+09,
            5.3739e-01,  4.6978e-01],
          [-1.0000e+09, -1.0000e+09, -1.0000e+09,  ..., -1.0000e+09,
           -1.0000e+09,  4.5671e-01],
          [-1.0000e+09, -1.0000e+09, -1.0000e+09,  ..., -1.0000e+09,
           -1.0000e+09, -1.0000e+09]],

         [[-1.0000e+09,  1.6115e-01,  1.8234e-01,  ...,  3.1994e-01,
            3.5600e-01,  3.3499e-01],
          [-1.0000e+09, -1.0000e+09,  6.0441e-01,  ...,  3.9882e-01,
            3.5345e-01,  3.2336e-01],
          [-1.0000e+09, -1.0000e+09, -1.0000e+09,  ...,  3.6916e-01,
            4.9271e-01,  5.5720e-01],
          ...,
          [-1.0000e+09, -1.0000e+09, -1.0000e+09,  ..., -1.0000e+09,
            2.5467e-01,  1.6496e-01],
          [-1.0000e+09, -1.0000e+09, -1.0000e+09,  ..., -1.0000e+09,
           -1.0000e+09,  1.4100e-01],
          [-1.0000e+09, -1.0000e+09, -1.0000e+09,  ..., -1.0000e+09,
           -1.0000e+09, -1.0000e+09]],

         [[-1.0000e+09,  1.0803e-01, -3.8139e-01,  ..., -4.3987e-01,
           -3.2982e-01, -3.5057e-01],
          [-1.0000e+09, -1.0000e+09,  2.0586e-01,  ...,  1.1710e-01,
            1.1571e-01,  1.2357e-01],
          [-1.0000e+09, -1.0000e+09, -1.0000e+09,  ..., -4.9720e-02,
            7.7422e-03,  2.3172e-02],
          ...,
          [-1.0000e+09, -1.0000e+09, -1.0000e+09,  ..., -1.0000e+09,
           -3.8488e-01, -3.4310e-01],
          [-1.0000e+09, -1.0000e+09, -1.0000e+09,  ..., -1.0000e+09,
           -1.0000e+09, -3.0035e-01],
          [-1.0000e+09, -1.0000e+09, -1.0000e+09,  ..., -1.0000e+09,
           -1.0000e+09, -1.0000e+09]]],


        [[[-1.0000e+09, -4.1448e-01, -4.1288e-01,  ...,  1.4868e-01,
            1.6327e-01,  1.0560e-01],
          [-1.0000e+09, -1.0000e+09,  2.5753e-01,  ...,  8.3330e-01,
            9.1321e-01,  1.0310e+00],
          [-1.0000e+09, -1.0000e+09, -1.0000e+09,  ...,  2.1109e-01,
            2.4094e-01,  2.7514e-01],
          ...,
          [-1.0000e+09, -1.0000e+09, -1.0000e+09,  ..., -1.0000e+09,
            1.1444e+00,  1.2599e+00],
          [-1.0000e+09, -1.0000e+09, -1.0000e+09,  ..., -1.0000e+09,
           -1.0000e+09,  1.2106e+00],
          [-1.0000e+09, -1.0000e+09, -1.0000e+09,  ..., -1.0000e+09,
           -1.0000e+09, -1.0000e+09]],

         [[-1.0000e+09, -6.5448e-01,  4.6706e-02,  ...,  1.2473e-01,
            8.6751e-02, -3.4884e-03],
          [-1.0000e+09, -1.0000e+09,  2.2044e-01,  ..., -1.2062e-01,
           -1.6211e-01, -3.0553e-01],
          [-1.0000e+09, -1.0000e+09, -1.0000e+09,  ..., -1.0719e-01,
           -9.3914e-02, -1.2200e-01],
          ...,
          [-1.0000e+09, -1.0000e+09, -1.0000e+09,  ..., -1.0000e+09,
            7.9114e-01,  7.5896e-01],
          [-1.0000e+09, -1.0000e+09, -1.0000e+09,  ..., -1.0000e+09,
           -1.0000e+09,  7.8070e-01],
          [-1.0000e+09, -1.0000e+09, -1.0000e+09,  ..., -1.0000e+09,
           -1.0000e+09, -1.0000e+09]],

         [[-1.0000e+09,  7.4520e-02,  1.8489e-01,  ..., -3.2143e-01,
           -3.5946e-01, -3.9825e-01],
          [-1.0000e+09, -1.0000e+09, -8.9246e-02,  ...,  3.4589e-01,
            2.3042e-01,  1.8887e-01],
          [-1.0000e+09, -1.0000e+09, -1.0000e+09,  ...,  6.0605e-01,
            5.5024e-01,  5.4479e-01],
          ...,
          [-1.0000e+09, -1.0000e+09, -1.0000e+09,  ..., -1.0000e+09,
           -1.6058e-01, -1.5942e-01],
          [-1.0000e+09, -1.0000e+09, -1.0000e+09,  ..., -1.0000e+09,
           -1.0000e+09, -2.0102e-01],
          [-1.0000e+09, -1.0000e+09, -1.0000e+09,  ..., -1.0000e+09,
           -1.0000e+09, -1.0000e+09]],

         ...,

         [[-1.0000e+09, -3.4356e-01, -1.1491e-01,  ...,  5.1487e-01,
            6.4531e-01,  7.4046e-01],
          [-1.0000e+09, -1.0000e+09, -6.2018e-01,  ...,  2.9249e-01,
            4.1727e-01,  5.2106e-01],
          [-1.0000e+09, -1.0000e+09, -1.0000e+09,  ..., -3.7412e-02,
            2.0377e-02,  8.5673e-04],
          ...,
          [-1.0000e+09, -1.0000e+09, -1.0000e+09,  ..., -1.0000e+09,
            5.3739e-01,  4.6978e-01],
          [-1.0000e+09, -1.0000e+09, -1.0000e+09,  ..., -1.0000e+09,
           -1.0000e+09,  4.5671e-01],
          [-1.0000e+09, -1.0000e+09, -1.0000e+09,  ..., -1.0000e+09,
           -1.0000e+09, -1.0000e+09]],

         [[-1.0000e+09, -1.0726e-01, -5.6324e-01,  ...,  3.1994e-01,
            3.5600e-01,  3.3499e-01],
          [-1.0000e+09, -1.0000e+09, -1.8340e-01,  ...,  1.2921e-01,
            1.1751e-01,  4.6059e-02],
          [-1.0000e+09, -1.0000e+09, -1.0000e+09,  ...,  5.8898e-02,
            9.3529e-02,  7.9450e-02],
          ...,
          [-1.0000e+09, -1.0000e+09, -1.0000e+09,  ..., -1.0000e+09,
            2.5467e-01,  1.6496e-01],
          [-1.0000e+09, -1.0000e+09, -1.0000e+09,  ..., -1.0000e+09,
           -1.0000e+09,  1.4100e-01],
          [-1.0000e+09, -1.0000e+09, -1.0000e+09,  ..., -1.0000e+09,
           -1.0000e+09, -1.0000e+09]],

         [[-1.0000e+09, -3.8012e-02, -2.3225e-01,  ..., -4.3987e-01,
           -3.2982e-01, -3.5057e-01],
          [-1.0000e+09, -1.0000e+09,  4.7396e-01,  ..., -1.1779e-01,
            4.1714e-02,  1.2357e-01],
          [-1.0000e+09, -1.0000e+09, -1.0000e+09,  ...,  3.8842e-01,
            3.9511e-01,  2.7667e-01],
          ...,
          [-1.0000e+09, -1.0000e+09, -1.0000e+09,  ..., -1.0000e+09,
           -3.8488e-01, -3.4310e-01],
          [-1.0000e+09, -1.0000e+09, -1.0000e+09,  ..., -1.0000e+09,
           -1.0000e+09, -3.0035e-01],
          [-1.0000e+09, -1.0000e+09, -1.0000e+09,  ..., -1.0000e+09,
           -1.0000e+09, -1.0000e+09]]],


        [[[-1.0000e+09, -9.5958e-01,  2.1762e-02,  ...,  1.4868e-01,
            1.6327e-01,  1.0560e-01],
          [-1.0000e+09, -1.0000e+09, -2.0906e-01,  ...,  2.6916e-02,
            7.4086e-02,  9.2101e-02],
          [-1.0000e+09, -1.0000e+09, -1.0000e+09,  ...,  7.3249e-01,
            8.0176e-01,  7.8641e-01],
          ...,
          [-1.0000e+09, -1.0000e+09, -1.0000e+09,  ..., -1.0000e+09,
            1.1444e+00,  1.2599e+00],
          [-1.0000e+09, -1.0000e+09, -1.0000e+09,  ..., -1.0000e+09,
           -1.0000e+09,  1.2106e+00],
          [-1.0000e+09, -1.0000e+09, -1.0000e+09,  ..., -1.0000e+09,
           -1.0000e+09, -1.0000e+09]],

         [[-1.0000e+09, -1.9452e-01, -4.7665e-01,  ...,  1.2473e-01,
            8.6751e-02, -3.4884e-03],
          [-1.0000e+09, -1.0000e+09, -4.9880e-01,  ...,  5.2414e-01,
            5.2006e-01,  5.1039e-01],
          [-1.0000e+09, -1.0000e+09, -1.0000e+09,  ...,  2.8647e-01,
            2.2763e-01,  1.4552e-01],
          ...,
          [-1.0000e+09, -1.0000e+09, -1.0000e+09,  ..., -1.0000e+09,
            7.9114e-01,  7.5896e-01],
          [-1.0000e+09, -1.0000e+09, -1.0000e+09,  ..., -1.0000e+09,
           -1.0000e+09,  7.8070e-01],
          [-1.0000e+09, -1.0000e+09, -1.0000e+09,  ..., -1.0000e+09,
           -1.0000e+09, -1.0000e+09]],

         [[-1.0000e+09,  2.9824e-01,  2.2787e-01,  ..., -3.2143e-01,
           -3.5946e-01, -3.9825e-01],
          [-1.0000e+09, -1.0000e+09, -4.4229e-01,  ..., -3.3323e-01,
           -4.3503e-01, -5.4631e-01],
          [-1.0000e+09, -1.0000e+09, -1.0000e+09,  ..., -2.1822e-03,
           -1.6515e-02, -1.7885e-02],
          ...,
          [-1.0000e+09, -1.0000e+09, -1.0000e+09,  ..., -1.0000e+09,
           -1.6058e-01, -1.5942e-01],
          [-1.0000e+09, -1.0000e+09, -1.0000e+09,  ..., -1.0000e+09,
           -1.0000e+09, -2.0102e-01],
          [-1.0000e+09, -1.0000e+09, -1.0000e+09,  ..., -1.0000e+09,
           -1.0000e+09, -1.0000e+09]],

         ...,

         [[-1.0000e+09,  4.9254e-02,  4.1473e-01,  ...,  5.1487e-01,
            6.4531e-01,  7.4046e-01],
          [-1.0000e+09, -1.0000e+09,  1.0446e-01,  ...,  8.1183e-02,
            1.9043e-01,  2.7173e-01],
          [-1.0000e+09, -1.0000e+09, -1.0000e+09,  ..., -1.7059e-01,
           -4.6004e-02,  1.0692e-01],
          ...,
          [-1.0000e+09, -1.0000e+09, -1.0000e+09,  ..., -1.0000e+09,
            5.3739e-01,  4.6978e-01],
          [-1.0000e+09, -1.0000e+09, -1.0000e+09,  ..., -1.0000e+09,
           -1.0000e+09,  4.5671e-01],
          [-1.0000e+09, -1.0000e+09, -1.0000e+09,  ..., -1.0000e+09,
           -1.0000e+09, -1.0000e+09]],

         [[-1.0000e+09, -5.8242e-01,  8.2817e-02,  ...,  3.1994e-01,
            3.5600e-01,  3.3499e-01],
          [-1.0000e+09, -1.0000e+09,  3.9502e-01,  ..., -6.3851e-01,
           -5.6562e-01, -5.5215e-01],
          [-1.0000e+09, -1.0000e+09, -1.0000e+09,  ...,  2.4088e-01,
            2.9024e-01,  3.2164e-01],
          ...,
          [-1.0000e+09, -1.0000e+09, -1.0000e+09,  ..., -1.0000e+09,
            2.5467e-01,  1.6496e-01],
          [-1.0000e+09, -1.0000e+09, -1.0000e+09,  ..., -1.0000e+09,
           -1.0000e+09,  1.4100e-01],
          [-1.0000e+09, -1.0000e+09, -1.0000e+09,  ..., -1.0000e+09,
           -1.0000e+09, -1.0000e+09]],

         [[-1.0000e+09,  2.0935e-01, -3.8521e-01,  ..., -4.3987e-01,
           -3.2982e-01, -3.5057e-01],
          [-1.0000e+09, -1.0000e+09,  2.8052e-01,  ...,  6.4795e-01,
            6.9315e-01,  6.7706e-01],
          [-1.0000e+09, -1.0000e+09, -1.0000e+09,  ...,  2.0517e-01,
            2.1549e-01,  1.6144e-01],
          ...,
          [-1.0000e+09, -1.0000e+09, -1.0000e+09,  ..., -1.0000e+09,
           -3.8488e-01, -3.4310e-01],
          [-1.0000e+09, -1.0000e+09, -1.0000e+09,  ..., -1.0000e+09,
           -1.0000e+09, -3.0035e-01],
          [-1.0000e+09, -1.0000e+09, -1.0000e+09,  ..., -1.0000e+09,
           -1.0000e+09, -1.0000e+09]]],


        ...,


        [[[-1.0000e+09, -4.1448e-01, -1.1020e+00,  ...,  1.4868e-01,
            1.6327e-01,  1.0560e-01],
          [-1.0000e+09, -1.0000e+09,  7.8845e-02,  ...,  8.3330e-01,
            9.1321e-01,  1.0310e+00],
          [-1.0000e+09, -1.0000e+09, -1.0000e+09,  ..., -7.7789e-02,
           -3.4900e-02, -2.1414e-02],
          ...,
          [-1.0000e+09, -1.0000e+09, -1.0000e+09,  ..., -1.0000e+09,
            1.1444e+00,  1.2599e+00],
          [-1.0000e+09, -1.0000e+09, -1.0000e+09,  ..., -1.0000e+09,
           -1.0000e+09,  1.2106e+00],
          [-1.0000e+09, -1.0000e+09, -1.0000e+09,  ..., -1.0000e+09,
           -1.0000e+09, -1.0000e+09]],

         [[-1.0000e+09, -6.5448e-01, -1.4530e-01,  ...,  1.2473e-01,
            8.6751e-02, -3.4884e-03],
          [-1.0000e+09, -1.0000e+09,  2.3851e-01,  ..., -1.2062e-01,
           -1.6211e-01, -3.0553e-01],
          [-1.0000e+09, -1.0000e+09, -1.0000e+09,  ...,  5.3760e-01,
            5.1244e-01,  4.7841e-01],
          ...,
          [-1.0000e+09, -1.0000e+09, -1.0000e+09,  ..., -1.0000e+09,
            7.9114e-01,  7.5896e-01],
          [-1.0000e+09, -1.0000e+09, -1.0000e+09,  ..., -1.0000e+09,
           -1.0000e+09,  7.8070e-01],
          [-1.0000e+09, -1.0000e+09, -1.0000e+09,  ..., -1.0000e+09,
           -1.0000e+09, -1.0000e+09]],

         [[-1.0000e+09,  7.4520e-02,  3.2493e-01,  ..., -3.2143e-01,
           -3.5946e-01, -3.9825e-01],
          [-1.0000e+09, -1.0000e+09, -4.0378e-02,  ...,  3.4589e-01,
            2.3042e-01,  1.8887e-01],
          [-1.0000e+09, -1.0000e+09, -1.0000e+09,  ..., -2.6065e-01,
           -3.6215e-01, -4.7603e-01],
          ...,
          [-1.0000e+09, -1.0000e+09, -1.0000e+09,  ..., -1.0000e+09,
           -1.6058e-01, -1.5942e-01],
          [-1.0000e+09, -1.0000e+09, -1.0000e+09,  ..., -1.0000e+09,
           -1.0000e+09, -2.0102e-01],
          [-1.0000e+09, -1.0000e+09, -1.0000e+09,  ..., -1.0000e+09,
           -1.0000e+09, -1.0000e+09]],

         ...,

         [[-1.0000e+09, -3.4356e-01,  3.4880e-02,  ...,  5.1487e-01,
            6.4531e-01,  7.4046e-01],
          [-1.0000e+09, -1.0000e+09,  2.9057e-01,  ...,  2.9249e-01,
            4.1727e-01,  5.2106e-01],
          [-1.0000e+09, -1.0000e+09, -1.0000e+09,  ...,  1.5759e-01,
            2.7334e-01,  3.4879e-01],
          ...,
          [-1.0000e+09, -1.0000e+09, -1.0000e+09,  ..., -1.0000e+09,
            5.3739e-01,  4.6978e-01],
          [-1.0000e+09, -1.0000e+09, -1.0000e+09,  ..., -1.0000e+09,
           -1.0000e+09,  4.5671e-01],
          [-1.0000e+09, -1.0000e+09, -1.0000e+09,  ..., -1.0000e+09,
           -1.0000e+09, -1.0000e+09]],

         [[-1.0000e+09, -1.0726e-01, -6.3780e-01,  ...,  3.1994e-01,
            3.5600e-01,  3.3499e-01],
          [-1.0000e+09, -1.0000e+09,  8.3702e-01,  ...,  1.2921e-01,
            1.1751e-01,  4.6059e-02],
          [-1.0000e+09, -1.0000e+09, -1.0000e+09,  ..., -8.3312e-01,
           -7.5510e-01, -7.4040e-01],
          ...,
          [-1.0000e+09, -1.0000e+09, -1.0000e+09,  ..., -1.0000e+09,
            2.5467e-01,  1.6496e-01],
          [-1.0000e+09, -1.0000e+09, -1.0000e+09,  ..., -1.0000e+09,
           -1.0000e+09,  1.4100e-01],
          [-1.0000e+09, -1.0000e+09, -1.0000e+09,  ..., -1.0000e+09,
           -1.0000e+09, -1.0000e+09]],

         [[-1.0000e+09, -3.8012e-02,  2.2480e-01,  ..., -4.3987e-01,
           -3.2982e-01, -3.5057e-01],
          [-1.0000e+09, -1.0000e+09,  7.7276e-02,  ..., -1.1779e-01,
            4.1714e-02,  1.2357e-01],
          [-1.0000e+09, -1.0000e+09, -1.0000e+09,  ...,  6.6937e-01,
            7.0996e-01,  6.8291e-01],
          ...,
          [-1.0000e+09, -1.0000e+09, -1.0000e+09,  ..., -1.0000e+09,
           -3.8488e-01, -3.4310e-01],
          [-1.0000e+09, -1.0000e+09, -1.0000e+09,  ..., -1.0000e+09,
           -1.0000e+09, -3.0035e-01],
          [-1.0000e+09, -1.0000e+09, -1.0000e+09,  ..., -1.0000e+09,
           -1.0000e+09, -1.0000e+09]]],


        [[[-1.0000e+09,  2.9784e-01, -1.3916e-01,  ...,  1.4868e-01,
            1.6327e-01,  1.0560e-01],
          [-1.0000e+09, -1.0000e+09, -2.6217e-01,  ...,  9.2968e-01,
            9.4323e-01,  9.1293e-01],
          [-1.0000e+09, -1.0000e+09, -1.0000e+09,  ...,  2.5044e-01,
            3.0320e-01,  4.1273e-01],
          ...,
          [-1.0000e+09, -1.0000e+09, -1.0000e+09,  ..., -1.0000e+09,
            1.1444e+00,  1.2599e+00],
          [-1.0000e+09, -1.0000e+09, -1.0000e+09,  ..., -1.0000e+09,
           -1.0000e+09,  1.2106e+00],
          [-1.0000e+09, -1.0000e+09, -1.0000e+09,  ..., -1.0000e+09,
           -1.0000e+09, -1.0000e+09]],

         [[-1.0000e+09,  3.1738e-01,  9.9292e-03,  ...,  1.2473e-01,
            8.6751e-02, -3.4884e-03],
          [-1.0000e+09, -1.0000e+09,  1.0591e-01,  ...,  7.1901e-01,
            7.5116e-01,  7.3321e-01],
          [-1.0000e+09, -1.0000e+09, -1.0000e+09,  ...,  4.9095e-01,
            4.9713e-01,  4.1684e-01],
          ...,
          [-1.0000e+09, -1.0000e+09, -1.0000e+09,  ..., -1.0000e+09,
            7.9114e-01,  7.5896e-01],
          [-1.0000e+09, -1.0000e+09, -1.0000e+09,  ..., -1.0000e+09,
           -1.0000e+09,  7.8070e-01],
          [-1.0000e+09, -1.0000e+09, -1.0000e+09,  ..., -1.0000e+09,
           -1.0000e+09, -1.0000e+09]],

         [[-1.0000e+09, -1.2928e-01, -1.0252e-01,  ..., -3.2143e-01,
           -3.5946e-01, -3.9825e-01],
          [-1.0000e+09, -1.0000e+09, -2.9435e-01,  ...,  4.6138e-01,
            3.0204e-01,  1.9301e-01],
          [-1.0000e+09, -1.0000e+09, -1.0000e+09,  ...,  3.3798e-01,
            2.9475e-01,  3.1164e-01],
          ...,
          [-1.0000e+09, -1.0000e+09, -1.0000e+09,  ..., -1.0000e+09,
           -1.6058e-01, -1.5942e-01],
          [-1.0000e+09, -1.0000e+09, -1.0000e+09,  ..., -1.0000e+09,
           -1.0000e+09, -2.0102e-01],
          [-1.0000e+09, -1.0000e+09, -1.0000e+09,  ..., -1.0000e+09,
           -1.0000e+09, -1.0000e+09]],

         ...,

         [[-1.0000e+09,  6.7061e-01, -1.8344e-01,  ...,  5.1487e-01,
            6.4531e-01,  7.4046e-01],
          [-1.0000e+09, -1.0000e+09,  4.5382e-01,  ..., -8.5585e-01,
           -7.4289e-01, -6.6560e-01],
          [-1.0000e+09, -1.0000e+09, -1.0000e+09,  ...,  2.8994e-01,
            2.8242e-01,  2.3070e-01],
          ...,
          [-1.0000e+09, -1.0000e+09, -1.0000e+09,  ..., -1.0000e+09,
            5.3739e-01,  4.6978e-01],
          [-1.0000e+09, -1.0000e+09, -1.0000e+09,  ..., -1.0000e+09,
           -1.0000e+09,  4.5671e-01],
          [-1.0000e+09, -1.0000e+09, -1.0000e+09,  ..., -1.0000e+09,
           -1.0000e+09, -1.0000e+09]],

         [[-1.0000e+09,  5.0051e-02,  2.8163e-02,  ...,  3.1994e-01,
            3.5600e-01,  3.3499e-01],
          [-1.0000e+09, -1.0000e+09,  2.3039e-01,  ...,  1.3115e+00,
            1.2718e+00,  1.2145e+00],
          [-1.0000e+09, -1.0000e+09, -1.0000e+09,  ...,  6.4229e-01,
            6.9543e-01,  7.2134e-01],
          ...,
          [-1.0000e+09, -1.0000e+09, -1.0000e+09,  ..., -1.0000e+09,
            2.5467e-01,  1.6496e-01],
          [-1.0000e+09, -1.0000e+09, -1.0000e+09,  ..., -1.0000e+09,
           -1.0000e+09,  1.4100e-01],
          [-1.0000e+09, -1.0000e+09, -1.0000e+09,  ..., -1.0000e+09,
           -1.0000e+09, -1.0000e+09]],

         [[-1.0000e+09, -4.3792e-01, -4.2928e-01,  ..., -4.3987e-01,
           -3.2982e-01, -3.5057e-01],
          [-1.0000e+09, -1.0000e+09, -2.9918e-02,  ..., -2.8977e-02,
            3.5523e-02, -4.8160e-02],
          [-1.0000e+09, -1.0000e+09, -1.0000e+09,  ...,  3.7509e-01,
            4.1277e-01,  3.5500e-01],
          ...,
          [-1.0000e+09, -1.0000e+09, -1.0000e+09,  ..., -1.0000e+09,
           -3.8488e-01, -3.4310e-01],
          [-1.0000e+09, -1.0000e+09, -1.0000e+09,  ..., -1.0000e+09,
           -1.0000e+09, -3.0035e-01],
          [-1.0000e+09, -1.0000e+09, -1.0000e+09,  ..., -1.0000e+09,
           -1.0000e+09, -1.0000e+09]]],


        [[[-1.0000e+09, -9.5958e-01,  2.5777e-02,  ..., -1.9586e-02,
            2.5678e-02, -1.2288e-01],
          [-1.0000e+09, -1.0000e+09, -2.4979e-01,  ..., -2.4499e-01,
           -2.4083e-01,  1.6006e-01],
          [-1.0000e+09, -1.0000e+09, -1.0000e+09,  ...,  1.4915e-01,
           -2.8284e-01,  2.6456e-01],
          ...,
          [-1.0000e+09, -1.0000e+09, -1.0000e+09,  ..., -1.0000e+09,
            1.2534e+00, -2.2539e-01],
          [-1.0000e+09, -1.0000e+09, -1.0000e+09,  ..., -1.0000e+09,
           -1.0000e+09,  3.3971e-01],
          [-1.0000e+09, -1.0000e+09, -1.0000e+09,  ..., -1.0000e+09,
           -1.0000e+09, -1.0000e+09]],

         [[-1.0000e+09, -1.9452e-01,  2.1709e-02,  ..., -1.0750e-01,
            4.1990e-01, -5.1055e-01],
          [-1.0000e+09, -1.0000e+09,  2.9982e-01,  ...,  8.8702e-01,
            4.3636e-01, -3.0451e-01],
          [-1.0000e+09, -1.0000e+09, -1.0000e+09,  ..., -5.2054e-01,
           -3.7960e-02,  1.1464e-01],
          ...,
          [-1.0000e+09, -1.0000e+09, -1.0000e+09,  ..., -1.0000e+09,
            3.0318e-01,  1.6946e-01],
          [-1.0000e+09, -1.0000e+09, -1.0000e+09,  ..., -1.0000e+09,
           -1.0000e+09,  1.1449e-01],
          [-1.0000e+09, -1.0000e+09, -1.0000e+09,  ..., -1.0000e+09,
           -1.0000e+09, -1.0000e+09]],

         [[-1.0000e+09,  2.9824e-01,  4.8321e-01,  ..., -4.6289e-01,
            2.4249e-03,  4.4748e-01],
          [-1.0000e+09, -1.0000e+09,  3.8907e-01,  ..., -6.5072e-01,
            1.8598e-01, -2.7185e-01],
          [-1.0000e+09, -1.0000e+09, -1.0000e+09,  ..., -3.3290e-01,
            1.6798e-01, -1.5373e-01],
          ...,
          [-1.0000e+09, -1.0000e+09, -1.0000e+09,  ..., -1.0000e+09,
           -3.2558e-02, -4.4827e-01],
          [-1.0000e+09, -1.0000e+09, -1.0000e+09,  ..., -1.0000e+09,
           -1.0000e+09, -5.8097e-02],
          [-1.0000e+09, -1.0000e+09, -1.0000e+09,  ..., -1.0000e+09,
           -1.0000e+09, -1.0000e+09]],

         ...,

         [[-1.0000e+09,  4.9254e-02,  2.0597e-01,  ..., -7.9034e-02,
           -3.8555e-01, -3.8902e-01],
          [-1.0000e+09, -1.0000e+09,  1.2676e-01,  ..., -5.2248e-01,
           -4.6791e-01, -1.5525e-01],
          [-1.0000e+09, -1.0000e+09, -1.0000e+09,  ..., -8.2855e-01,
           -9.3053e-01, -5.8364e-01],
          ...,
          [-1.0000e+09, -1.0000e+09, -1.0000e+09,  ..., -1.0000e+09,
           -1.1550e-01, -3.7750e-03],
          [-1.0000e+09, -1.0000e+09, -1.0000e+09,  ..., -1.0000e+09,
           -1.0000e+09,  8.4532e-02],
          [-1.0000e+09, -1.0000e+09, -1.0000e+09,  ..., -1.0000e+09,
           -1.0000e+09, -1.0000e+09]],

         [[-1.0000e+09, -5.8242e-01,  4.9795e-01,  ..., -2.7667e-01,
            3.1060e-01,  7.8990e-01],
          [-1.0000e+09, -1.0000e+09, -5.1387e-01,  ...,  6.2491e-01,
            2.5559e-01,  7.2970e-01],
          [-1.0000e+09, -1.0000e+09, -1.0000e+09,  ..., -1.2912e+00,
            3.1199e-01,  1.5502e-01],
          ...,
          [-1.0000e+09, -1.0000e+09, -1.0000e+09,  ..., -1.0000e+09,
            6.9107e-01,  1.4306e-01],
          [-1.0000e+09, -1.0000e+09, -1.0000e+09,  ..., -1.0000e+09,
           -1.0000e+09,  8.0642e-02],
          [-1.0000e+09, -1.0000e+09, -1.0000e+09,  ..., -1.0000e+09,
           -1.0000e+09, -1.0000e+09]],

         [[-1.0000e+09,  2.0935e-01, -6.9845e-01,  ..., -7.9125e-01,
            3.3365e-02,  2.5004e-01],
          [-1.0000e+09, -1.0000e+09,  1.3427e-01,  ..., -5.8534e-01,
            4.6510e-02, -2.1680e-01],
          [-1.0000e+09, -1.0000e+09, -1.0000e+09,  ...,  2.4869e-01,
            2.2548e-02,  2.6493e-01],
          ...,
          [-1.0000e+09, -1.0000e+09, -1.0000e+09,  ..., -1.0000e+09,
            4.1887e-01,  5.5412e-03],
          [-1.0000e+09, -1.0000e+09, -1.0000e+09,  ..., -1.0000e+09,
           -1.0000e+09, -1.0620e-01],
          [-1.0000e+09, -1.0000e+09, -1.0000e+09,  ..., -1.0000e+09,
           -1.0000e+09, -1.0000e+09]]]], grad_fn=<MaskedFillBackward0>)
