output Size: torch.Size([32, 12, 64, 64])

output ID: tensor([[[[0.0000, 0.0176, 0.0118,  ..., 0.0151, 0.0154, 0.0145],
          [0.0000, 0.0000, 0.0214,  ..., 0.0155, 0.0154, 0.0159],
          [0.0000, 0.0000, 0.0000,  ..., 0.0154, 0.0167, 0.0180],
          ...,
          [0.0000, 0.0000, 0.0000,  ..., 0.0000, 0.4712, 0.5288],
          [0.0000, 0.0000, 0.0000,  ..., 0.0000, 0.0000, 1.0000],
          [0.0156, 0.0156, 0.0156,  ..., 0.0156, 0.0156, 0.0156]],

         [[0.0000, 0.0169, 0.0174,  ..., 0.0189, 0.0182, 0.0166],
          [0.0000, 0.0000, 0.0144,  ..., 0.0220, 0.0233, 0.0228],
          [0.0000, 0.0000, 0.0000,  ..., 0.0139, 0.0166, 0.0186],
          ...,
          [0.0000, 0.0000, 0.0000,  ..., 0.0000, 0.5080, 0.4920],
          [0.0000, 0.0000, 0.0000,  ..., 0.0000, 0.0000, 1.0000],
          [0.0156, 0.0156, 0.0156,  ..., 0.0156, 0.0156, 0.0156]],

         [[0.0000, 0.0243, 0.0243,  ..., 0.0120, 0.0116, 0.0111],
          [0.0000, 0.0000, 0.0248,  ..., 0.0162, 0.0150, 0.0147],
          [0.0000, 0.0000, 0.0000,  ..., 0.0137, 0.0126, 0.0116],
          ...,
          [0.0000, 0.0000, 0.0000,  ..., 0.0000, 0.4997, 0.5003],
          [0.0000, 0.0000, 0.0000,  ..., 0.0000, 0.0000, 1.0000],
          [0.0156, 0.0156, 0.0156,  ..., 0.0156, 0.0156, 0.0156]],

         ...,

         [[0.0000, 0.0191, 0.0116,  ..., 0.0170, 0.0193, 0.0212],
          [0.0000, 0.0000, 0.0178,  ..., 0.0143, 0.0145, 0.0147],
          [0.0000, 0.0000, 0.0000,  ..., 0.0190, 0.0199, 0.0194],
          ...,
          [0.0000, 0.0000, 0.0000,  ..., 0.0000, 0.5169, 0.4831],
          [0.0000, 0.0000, 0.0000,  ..., 0.0000, 0.0000, 1.0000],
          [0.0156, 0.0156, 0.0156,  ..., 0.0156, 0.0156, 0.0156]],

         [[0.0000, 0.0173, 0.0177,  ..., 0.0203, 0.0210, 0.0206],
          [0.0000, 0.0000, 0.0246,  ..., 0.0200, 0.0191, 0.0186],
          [0.0000, 0.0000, 0.0000,  ..., 0.0160, 0.0181, 0.0193],
          ...,
          [0.0000, 0.0000, 0.0000,  ..., 0.0000, 0.5224, 0.4776],
          [0.0000, 0.0000, 0.0000,  ..., 0.0000, 0.0000, 1.0000],
          [0.0156, 0.0156, 0.0156,  ..., 0.0156, 0.0156, 0.0156]],

         [[0.0000, 0.0251, 0.0154,  ..., 0.0145, 0.0162, 0.0159],
          [0.0000, 0.0000, 0.0163,  ..., 0.0149, 0.0149, 0.0150],
          [0.0000, 0.0000, 0.0000,  ..., 0.0148, 0.0157, 0.0159],
          ...,
          [0.0000, 0.0000, 0.0000,  ..., 0.0000, 0.4896, 0.5104],
          [0.0000, 0.0000, 0.0000,  ..., 0.0000, 0.0000, 1.0000],
          [0.0156, 0.0156, 0.0156,  ..., 0.0156, 0.0156, 0.0156]]],


        [[[0.0000, 0.0089, 0.0089,  ..., 0.0156, 0.0159, 0.0150],
          [0.0000, 0.0000, 0.0091,  ..., 0.0161, 0.0175, 0.0196],
          [0.0000, 0.0000, 0.0000,  ..., 0.0134, 0.0138, 0.0142],
          ...,
          [0.0000, 0.0000, 0.0000,  ..., 0.0000, 0.4712, 0.5288],
          [0.0000, 0.0000, 0.0000,  ..., 0.0000, 0.0000, 1.0000],
          [0.0156, 0.0156, 0.0156,  ..., 0.0156, 0.0156, 0.0156]],

         [[0.0000, 0.0089, 0.0179,  ..., 0.0193, 0.0186, 0.0170],
          [0.0000, 0.0000, 0.0247,  ..., 0.0176, 0.0169, 0.0146],
          [0.0000, 0.0000, 0.0000,  ..., 0.0162, 0.0164, 0.0160],
          ...,
          [0.0000, 0.0000, 0.0000,  ..., 0.0000, 0.5080, 0.4920],
          [0.0000, 0.0000, 0.0000,  ..., 0.0000, 0.0000, 1.0000],
          [0.0156, 0.0156, 0.0156,  ..., 0.0156, 0.0156, 0.0156]],

         [[0.0000, 0.0188, 0.0209,  ..., 0.0126, 0.0122, 0.0117],
          [0.0000, 0.0000, 0.0126,  ..., 0.0195, 0.0173, 0.0166],
          [0.0000, 0.0000, 0.0000,  ..., 0.0180, 0.0171, 0.0170],
          ...,
          [0.0000, 0.0000, 0.0000,  ..., 0.0000, 0.4997, 0.5003],
          [0.0000, 0.0000, 0.0000,  ..., 0.0000, 0.0000, 1.0000],
          [0.0156, 0.0156, 0.0156,  ..., 0.0156, 0.0156, 0.0156]],

         ...,

         [[0.0000, 0.0070, 0.0087,  ..., 0.0164, 0.0187, 0.0205],
          [0.0000, 0.0000, 0.0070,  ..., 0.0174, 0.0197, 0.0219],
          [0.0000, 0.0000, 0.0000,  ..., 0.0182, 0.0193, 0.0189],
          ...,
          [0.0000, 0.0000, 0.0000,  ..., 0.0000, 0.5169, 0.4831],
          [0.0000, 0.0000, 0.0000,  ..., 0.0000, 0.0000, 1.0000],
          [0.0156, 0.0156, 0.0156,  ..., 0.0156, 0.0156, 0.0156]],

         [[0.0000, 0.0135, 0.0086,  ..., 0.0207, 0.0215, 0.0211],
          [0.0000, 0.0000, 0.0135,  ..., 0.0184, 0.0182, 0.0169],
          [0.0000, 0.0000, 0.0000,  ..., 0.0170, 0.0176, 0.0174],
          ...,
          [0.0000, 0.0000, 0.0000,  ..., 0.0000, 0.5224, 0.4776],
          [0.0000, 0.0000, 0.0000,  ..., 0.0000, 0.0000, 1.0000],
          [0.0156, 0.0156, 0.0156,  ..., 0.0156, 0.0156, 0.0156]],

         [[0.0000, 0.0234, 0.0193,  ..., 0.0157, 0.0175, 0.0171],
          [0.0000, 0.0000, 0.0228,  ..., 0.0126, 0.0148, 0.0160],
          [0.0000, 0.0000, 0.0000,  ..., 0.0185, 0.0186, 0.0165],
          ...,
          [0.0000, 0.0000, 0.0000,  ..., 0.0000, 0.4896, 0.5104],
          [0.0000, 0.0000, 0.0000,  ..., 0.0000, 0.0000, 1.0000],
          [0.0156, 0.0156, 0.0156,  ..., 0.0156, 0.0156, 0.0156]]],


        [[[0.0000, 0.0049, 0.0131,  ..., 0.0149, 0.0151, 0.0142],
          [0.0000, 0.0000, 0.0114,  ..., 0.0144, 0.0151, 0.0154],
          [0.0000, 0.0000, 0.0000,  ..., 0.0179, 0.0191, 0.0188],
          ...,
          [0.0000, 0.0000, 0.0000,  ..., 0.0000, 0.4712, 0.5288],
          [0.0000, 0.0000, 0.0000,  ..., 0.0000, 0.0000, 1.0000],
          [0.0156, 0.0156, 0.0156,  ..., 0.0156, 0.0156, 0.0156]],

         [[0.0000, 0.0140, 0.0105,  ..., 0.0192, 0.0185, 0.0169],
          [0.0000, 0.0000, 0.0082,  ..., 0.0228, 0.0227, 0.0225],
          [0.0000, 0.0000, 0.0000,  ..., 0.0153, 0.0144, 0.0133],
          ...,
          [0.0000, 0.0000, 0.0000,  ..., 0.0000, 0.5080, 0.4920],
          [0.0000, 0.0000, 0.0000,  ..., 0.0000, 0.0000, 1.0000],
          [0.0156, 0.0156, 0.0156,  ..., 0.0156, 0.0156, 0.0156]],

         [[0.0000, 0.0212, 0.0198,  ..., 0.0114, 0.0110, 0.0106],
          [0.0000, 0.0000, 0.0145,  ..., 0.0162, 0.0146, 0.0131],
          [0.0000, 0.0000, 0.0000,  ..., 0.0138, 0.0136, 0.0136],
          ...,
          [0.0000, 0.0000, 0.0000,  ..., 0.0000, 0.4997, 0.5003],
          [0.0000, 0.0000, 0.0000,  ..., 0.0000, 0.0000, 1.0000],
          [0.0156, 0.0156, 0.0156,  ..., 0.0156, 0.0156, 0.0156]],

         ...,

         [[0.0000, 0.0116, 0.0167,  ..., 0.0185, 0.0211, 0.0232],
          [0.0000, 0.0000, 0.0175,  ..., 0.0171, 0.0190, 0.0206],
          [0.0000, 0.0000, 0.0000,  ..., 0.0153, 0.0173, 0.0201],
          ...,
          [0.0000, 0.0000, 0.0000,  ..., 0.0000, 0.5169, 0.4831],
          [0.0000, 0.0000, 0.0000,  ..., 0.0000, 0.0000, 1.0000],
          [0.0156, 0.0156, 0.0156,  ..., 0.0156, 0.0156, 0.0156]],

         [[0.0000, 0.0078, 0.0153,  ..., 0.0193, 0.0201, 0.0196],
          [0.0000, 0.0000, 0.0316,  ..., 0.0113, 0.0121, 0.0123],
          [0.0000, 0.0000, 0.0000,  ..., 0.0140, 0.0147, 0.0152],
          ...,
          [0.0000, 0.0000, 0.0000,  ..., 0.0000, 0.5224, 0.4776],
          [0.0000, 0.0000, 0.0000,  ..., 0.0000, 0.0000, 1.0000],
          [0.0156, 0.0156, 0.0156,  ..., 0.0156, 0.0156, 0.0156]],

         [[0.0000, 0.0279, 0.0154,  ..., 0.0146, 0.0163, 0.0159],
          [0.0000, 0.0000, 0.0136,  ..., 0.0196, 0.0205, 0.0202],
          [0.0000, 0.0000, 0.0000,  ..., 0.0141, 0.0143, 0.0135],
          ...,
          [0.0000, 0.0000, 0.0000,  ..., 0.0000, 0.4896, 0.5104],
          [0.0000, 0.0000, 0.0000,  ..., 0.0000, 0.0000, 1.0000],
          [0.0156, 0.0156, 0.0156,  ..., 0.0156, 0.0156, 0.0156]]],


        ...,


        [[[0.0000, 0.0093, 0.0047,  ..., 0.0164, 0.0166, 0.0157],
          [0.0000, 0.0000, 0.0085,  ..., 0.0180, 0.0195, 0.0219],
          [0.0000, 0.0000, 0.0000,  ..., 0.0155, 0.0162, 0.0164],
          ...,
          [0.0000, 0.0000, 0.0000,  ..., 0.0000, 0.4712, 0.5288],
          [0.0000, 0.0000, 0.0000,  ..., 0.0000, 0.0000, 1.0000],
          [0.0156, 0.0156, 0.0156,  ..., 0.0156, 0.0156, 0.0156]],

         [[0.0000, 0.0080, 0.0133,  ..., 0.0175, 0.0168, 0.0154],
          [0.0000, 0.0000, 0.0195,  ..., 0.0136, 0.0131, 0.0113],
          [0.0000, 0.0000, 0.0000,  ..., 0.0238, 0.0232, 0.0224],
          ...,
          [0.0000, 0.0000, 0.0000,  ..., 0.0000, 0.5080, 0.4920],
          [0.0000, 0.0000, 0.0000,  ..., 0.0000, 0.0000, 1.0000],
          [0.0156, 0.0156, 0.0156,  ..., 0.0156, 0.0156, 0.0156]],

         [[0.0000, 0.0188, 0.0242,  ..., 0.0127, 0.0122, 0.0117],
          [0.0000, 0.0000, 0.0151,  ..., 0.0222, 0.0198, 0.0190],
          [0.0000, 0.0000, 0.0000,  ..., 0.0192, 0.0173, 0.0155],
          ...,
          [0.0000, 0.0000, 0.0000,  ..., 0.0000, 0.4997, 0.5003],
          [0.0000, 0.0000, 0.0000,  ..., 0.0000, 0.0000, 1.0000],
          [0.0156, 0.0156, 0.0156,  ..., 0.0156, 0.0156, 0.0156]],

         ...,

         [[0.0000, 0.0083, 0.0121,  ..., 0.0196, 0.0224, 0.0246],
          [0.0000, 0.0000, 0.0193,  ..., 0.0194, 0.0219, 0.0243],
          [0.0000, 0.0000, 0.0000,  ..., 0.0179, 0.0201, 0.0217],
          ...,
          [0.0000, 0.0000, 0.0000,  ..., 0.0000, 0.5169, 0.4831],
          [0.0000, 0.0000, 0.0000,  ..., 0.0000, 0.0000, 1.0000],
          [0.0156, 0.0156, 0.0156,  ..., 0.0156, 0.0156, 0.0156]],

         [[0.0000, 0.0140, 0.0083,  ..., 0.0215, 0.0223, 0.0219],
          [0.0000, 0.0000, 0.0298,  ..., 0.0147, 0.0145, 0.0135],
          [0.0000, 0.0000, 0.0000,  ..., 0.0101, 0.0109, 0.0110],
          ...,
          [0.0000, 0.0000, 0.0000,  ..., 0.0000, 0.5224, 0.4776],
          [0.0000, 0.0000, 0.0000,  ..., 0.0000, 0.0000, 1.0000],
          [0.0156, 0.0156, 0.0156,  ..., 0.0156, 0.0156, 0.0156]],

         [[0.0000, 0.0218, 0.0283,  ..., 0.0146, 0.0163, 0.0159],
          [0.0000, 0.0000, 0.0157,  ..., 0.0129, 0.0151, 0.0164],
          [0.0000, 0.0000, 0.0000,  ..., 0.0218, 0.0227, 0.0220],
          ...,
          [0.0000, 0.0000, 0.0000,  ..., 0.0000, 0.4896, 0.5104],
          [0.0000, 0.0000, 0.0000,  ..., 0.0000, 0.0000, 1.0000],
          [0.0156, 0.0156, 0.0156,  ..., 0.0156, 0.0156, 0.0156]]],


        [[[0.0000, 0.0178, 0.0115,  ..., 0.0154, 0.0156, 0.0147],
          [0.0000, 0.0000, 0.0049,  ..., 0.0162, 0.0164, 0.0159],
          [0.0000, 0.0000, 0.0000,  ..., 0.0132, 0.0139, 0.0155],
          ...,
          [0.0000, 0.0000, 0.0000,  ..., 0.0000, 0.4712, 0.5288],
          [0.0000, 0.0000, 0.0000,  ..., 0.0000, 0.0000, 1.0000],
          [0.0156, 0.0156, 0.0156,  ..., 0.0156, 0.0156, 0.0156]],

         [[0.0000, 0.0224, 0.0165,  ..., 0.0185, 0.0178, 0.0163],
          [0.0000, 0.0000, 0.0087,  ..., 0.0160, 0.0166, 0.0163],
          [0.0000, 0.0000, 0.0000,  ..., 0.0163, 0.0164, 0.0151],
          ...,
          [0.0000, 0.0000, 0.0000,  ..., 0.0000, 0.5080, 0.4920],
          [0.0000, 0.0000, 0.0000,  ..., 0.0000, 0.0000, 1.0000],
          [0.0156, 0.0156, 0.0156,  ..., 0.0156, 0.0156, 0.0156]],

         [[0.0000, 0.0160, 0.0164,  ..., 0.0132, 0.0127, 0.0122],
          [0.0000, 0.0000, 0.0080,  ..., 0.0169, 0.0144, 0.0129],
          [0.0000, 0.0000, 0.0000,  ..., 0.0147, 0.0141, 0.0143],
          ...,
          [0.0000, 0.0000, 0.0000,  ..., 0.0000, 0.4997, 0.5003],
          [0.0000, 0.0000, 0.0000,  ..., 0.0000, 0.0000, 1.0000],
          [0.0156, 0.0156, 0.0156,  ..., 0.0156, 0.0156, 0.0156]],

         ...,

         [[0.0000, 0.0174, 0.0074,  ..., 0.0149, 0.0169, 0.0186],
          [0.0000, 0.0000, 0.0530,  ..., 0.0143, 0.0160, 0.0173],
          [0.0000, 0.0000, 0.0000,  ..., 0.0199, 0.0198, 0.0188],
          ...,
          [0.0000, 0.0000, 0.0000,  ..., 0.0000, 0.5169, 0.4831],
          [0.0000, 0.0000, 0.0000,  ..., 0.0000, 0.0000, 1.0000],
          [0.0156, 0.0156, 0.0156,  ..., 0.0156, 0.0156, 0.0156]],

         [[0.0000, 0.0163, 0.0159,  ..., 0.0213, 0.0221, 0.0216],
          [0.0000, 0.0000, 0.0067,  ..., 0.0196, 0.0188, 0.0178],
          [0.0000, 0.0000, 0.0000,  ..., 0.0157, 0.0166, 0.0170],
          ...,
          [0.0000, 0.0000, 0.0000,  ..., 0.0000, 0.5224, 0.4776],
          [0.0000, 0.0000, 0.0000,  ..., 0.0000, 0.0000, 1.0000],
          [0.0156, 0.0156, 0.0156,  ..., 0.0156, 0.0156, 0.0156]],

         [[0.0000, 0.0164, 0.0165,  ..., 0.0164, 0.0183, 0.0179],
          [0.0000, 0.0000, 0.0178,  ..., 0.0178, 0.0190, 0.0175],
          [0.0000, 0.0000, 0.0000,  ..., 0.0150, 0.0155, 0.0147],
          ...,
          [0.0000, 0.0000, 0.0000,  ..., 0.0000, 0.4896, 0.5104],
          [0.0000, 0.0000, 0.0000,  ..., 0.0000, 0.0000, 1.0000],
          [0.0156, 0.0156, 0.0156,  ..., 0.0156, 0.0156, 0.0156]]],


        [[[0.0000, 0.0055, 0.0148,  ..., 0.0141, 0.0148, 0.0127],
          [0.0000, 0.0000, 0.0121,  ..., 0.0122, 0.0122, 0.0183],
          [0.0000, 0.0000, 0.0000,  ..., 0.0234, 0.0152, 0.0263],
          ...,
          [0.0000, 0.0000, 0.0000,  ..., 0.0000, 0.8144, 0.1856],
          [0.0000, 0.0000, 0.0000,  ..., 0.0000, 0.0000, 1.0000],
          [0.0156, 0.0156, 0.0156,  ..., 0.0156, 0.0156, 0.0156]],

         [[0.0000, 0.0151, 0.0187,  ..., 0.0164, 0.0279, 0.0110],
          [0.0000, 0.0000, 0.0227,  ..., 0.0409, 0.0260, 0.0124],
          [0.0000, 0.0000, 0.0000,  ..., 0.0093, 0.0151, 0.0176],
          ...,
          [0.0000, 0.0000, 0.0000,  ..., 0.0000, 0.5334, 0.4666],
          [0.0000, 0.0000, 0.0000,  ..., 0.0000, 0.0000, 1.0000],
          [0.0156, 0.0156, 0.0156,  ..., 0.0156, 0.0156, 0.0156]],

         [[0.0000, 0.0177, 0.0213,  ..., 0.0083, 0.0132, 0.0206],
          [0.0000, 0.0000, 0.0285,  ..., 0.0101, 0.0233, 0.0147],
          [0.0000, 0.0000, 0.0000,  ..., 0.0087, 0.0143, 0.0104],
          ...,
          [0.0000, 0.0000, 0.0000,  ..., 0.0000, 0.6025, 0.3975],
          [0.0000, 0.0000, 0.0000,  ..., 0.0000, 0.0000, 1.0000],
          [0.0156, 0.0156, 0.0156,  ..., 0.0156, 0.0156, 0.0156]],

         ...,

         [[0.0000, 0.0175, 0.0204,  ..., 0.0154, 0.0113, 0.0113],
          [0.0000, 0.0000, 0.0243,  ..., 0.0127, 0.0134, 0.0184],
          [0.0000, 0.0000, 0.0000,  ..., 0.0068, 0.0061, 0.0086],
          ...,
          [0.0000, 0.0000, 0.0000,  ..., 0.0000, 0.4721, 0.5279],
          [0.0000, 0.0000, 0.0000,  ..., 0.0000, 0.0000, 1.0000],
          [0.0156, 0.0156, 0.0156,  ..., 0.0156, 0.0156, 0.0156]],

         [[0.0000, 0.0082, 0.0242,  ..., 0.0112, 0.0201, 0.0325],
          [0.0000, 0.0000, 0.0101,  ..., 0.0315, 0.0218, 0.0350],
          [0.0000, 0.0000, 0.0000,  ..., 0.0044, 0.0217, 0.0185],
          ...,
          [0.0000, 0.0000, 0.0000,  ..., 0.0000, 0.6337, 0.3663],
          [0.0000, 0.0000, 0.0000,  ..., 0.0000, 0.0000, 1.0000],
          [0.0156, 0.0156, 0.0156,  ..., 0.0156, 0.0156, 0.0156]],

         [[0.0000, 0.0200, 0.0081,  ..., 0.0073, 0.0167, 0.0208],
          [0.0000, 0.0000, 0.0150,  ..., 0.0073, 0.0137, 0.0105],
          [0.0000, 0.0000, 0.0000,  ..., 0.0172, 0.0137, 0.0175],
          ...,
          [0.0000, 0.0000, 0.0000,  ..., 0.0000, 0.6019, 0.3981],
          [0.0000, 0.0000, 0.0000,  ..., 0.0000, 0.0000, 1.0000],
          [0.0156, 0.0156, 0.0156,  ..., 0.0156, 0.0156, 0.0156]]]],
       grad_fn=<SoftmaxBackward0>)
