output Size: torch.Size([32, 64, 512])

output ID: tensor([[[-4.9028e-01,  9.2667e-01, -1.0329e+00,  ...,  3.9780e-01,
          -7.1534e-01,  5.3260e-01],
         [ 1.1207e+00, -1.4266e-01,  1.3359e+00,  ...,  2.1913e+00,
           1.2908e-01,  1.5729e+00],
         [ 7.8039e-01,  1.0225e-01,  1.1862e+00,  ...,  7.1722e-02,
          -9.6642e-01,  2.0560e+00],
         ...,
         [-1.2144e+00, -1.4663e+00,  2.7090e-01,  ...,  5.3611e-01,
           1.8870e-01,  6.1332e-01],
         [-9.8744e-01, -5.3471e-01, -5.9615e-01,  ...,  5.3611e-01,
           1.8880e-01,  6.1332e-01],
         [-8.0902e-02, -2.2232e-01, -1.3612e+00,  ...,  5.3611e-01,
           1.8891e-01,  6.1332e-01]],

        [[-4.9028e-01,  9.2667e-01, -1.0329e+00,  ...,  3.9780e-01,
          -7.1534e-01,  5.3260e-01],
         [ 1.0134e+00, -2.2287e+00,  2.0501e+00,  ..., -1.3999e-03,
           1.6445e+00,  2.5915e+00],
         [ 1.3516e+00,  4.4781e-01,  1.2661e+00,  ..., -8.3786e-01,
           9.6520e-01,  1.4688e-01],
         ...,
         [-1.2144e+00, -1.4663e+00,  2.7090e-01,  ...,  5.3611e-01,
           1.8870e-01,  6.1332e-01],
         [-9.8744e-01, -5.3471e-01, -5.9615e-01,  ...,  5.3611e-01,
           1.8880e-01,  6.1332e-01],
         [-8.0902e-02, -2.2232e-01, -1.3612e+00,  ...,  5.3611e-01,
           1.8891e-01,  6.1332e-01]],

        [[-4.9028e-01,  9.2667e-01, -1.0329e+00,  ...,  3.9780e-01,
          -7.1534e-01,  5.3260e-01],
         [ 1.4213e+00,  5.8620e-01, -2.0949e-01,  ..., -2.1378e-01,
          -1.0151e-01,  1.8229e+00],
         [ 4.4543e-01,  3.5194e-01,  1.5694e+00,  ...,  7.6579e-01,
          -2.8638e+00,  1.3551e+00],
         ...,
         [-1.2144e+00, -1.4663e+00,  2.7090e-01,  ...,  5.3611e-01,
           1.8870e-01,  6.1332e-01],
         [-9.8744e-01, -5.3471e-01, -5.9615e-01,  ...,  5.3611e-01,
           1.8880e-01,  6.1332e-01],
         [-8.0902e-02, -2.2232e-01, -1.3612e+00,  ...,  5.3611e-01,
           1.8891e-01,  6.1332e-01]],

        ...,

        [[-4.9028e-01,  9.2667e-01, -1.0329e+00,  ...,  3.9780e-01,
          -7.1534e-01,  5.3260e-01],
         [ 1.8852e+00,  3.6877e-01,  5.9781e-01,  ...,  6.9040e-01,
          -4.0383e-01,  2.7126e+00],
         [ 1.9463e+00,  1.2226e-01,  9.4726e-01,  ...,  8.7347e-01,
           5.9399e-01,  2.8509e+00],
         ...,
         [-1.2144e+00, -1.4663e+00,  2.7090e-01,  ...,  5.3611e-01,
           1.8870e-01,  6.1332e-01],
         [-9.8744e-01, -5.3471e-01, -5.9615e-01,  ...,  5.3611e-01,
           1.8880e-01,  6.1332e-01],
         [-8.0902e-02, -2.2232e-01, -1.3612e+00,  ...,  5.3611e-01,
           1.8891e-01,  6.1332e-01]],

        [[-4.9028e-01,  9.2667e-01, -1.0329e+00,  ...,  3.9780e-01,
          -7.1534e-01,  5.3260e-01],
         [-8.5729e-01,  1.0275e+00,  9.8885e-01,  ...,  8.0820e-01,
          -6.2434e-01,  1.6228e+00],
         [ 1.3555e+00, -8.9310e-01, -3.6031e-02,  ...,  1.6268e+00,
           1.1854e+00,  5.9286e-01],
         ...,
         [-1.2144e+00, -1.4663e+00,  2.7090e-01,  ...,  5.3611e-01,
           1.8870e-01,  6.1332e-01],
         [-9.8744e-01, -5.3471e-01, -5.9615e-01,  ...,  5.3611e-01,
           1.8880e-01,  6.1332e-01],
         [-8.0902e-02, -2.2232e-01, -1.3612e+00,  ...,  5.3611e-01,
           1.8891e-01,  6.1332e-01]],

        [[-4.9028e-01,  9.2667e-01, -1.0329e+00,  ...,  3.9780e-01,
          -7.1534e-01,  5.3260e-01],
         [ 1.3089e+00, -1.3918e-01,  4.9752e-01,  ...,  5.1456e-01,
           7.8058e-01,  8.4533e-01],
         [ 2.2378e+00, -9.7865e-01,  1.0047e+00,  ...,  3.0564e-02,
           1.7029e-01,  7.0459e-02],
         ...,
         [-1.2144e+00, -1.4663e+00,  2.7090e-01,  ...,  5.3611e-01,
           1.8870e-01,  6.1332e-01],
         [-9.8744e-01, -5.3471e-01, -5.9615e-01,  ...,  5.3611e-01,
           1.8880e-01,  6.1332e-01],
         [-8.0902e-02, -2.2232e-01, -1.3612e+00,  ...,  5.3611e-01,
           1.8891e-01,  6.1332e-01]]], grad_fn=<AddBackward0>)
