output Size: torch.Size([32, 12, 64, 64])

output ID: tensor([[[[-7.8397e-01, -4.1931e-02, -4.4321e-01,  ..., -6.6448e-01,
           -8.0187e-01, -8.7631e-01],
          [-2.5570e-01,  3.9976e-01, -3.8478e-02,  ..., -2.7424e-01,
           -4.2196e-01, -4.4191e-01],
          [-6.7701e-01, -1.5001e-01, -8.0894e-01,  ..., -4.0147e-01,
           -4.4066e-01, -4.1676e-01],
          ...,
          [ 1.1294e-01, -2.5810e-01, -5.1848e-01,  ...,  2.3182e-01,
            6.9504e-02, -6.0826e-03],
          [ 6.9371e-02, -2.9297e-01, -6.0648e-01,  ...,  1.7308e-01,
            7.3471e-03, -7.3075e-02],
          [ 1.2272e-02, -2.8560e-01, -6.4110e-01,  ...,  1.7077e-01,
            1.9750e-03, -8.1862e-02]],

         [[-4.0202e-01, -9.2552e-01, -4.8079e-01,  ...,  4.1483e-02,
            2.9103e-03, -5.2454e-02],
          [ 2.1992e-02, -5.8148e-01, -4.0461e-01,  ..., -2.7663e-01,
           -2.8905e-01, -3.2276e-01],
          [-4.6359e-01, -9.3937e-01, -7.3461e-01,  ..., -7.8315e-01,
           -7.3399e-01, -6.8809e-01],
          ...,
          [-1.8447e-01, -2.0526e-02, -7.5858e-01,  ...,  1.8497e-01,
            1.8347e-01,  1.4911e-01],
          [-1.9823e-01, -1.4062e-01, -8.5164e-01,  ...,  1.1256e-01,
            1.1186e-01,  7.9523e-02],
          [-2.4531e-01, -2.4571e-01, -9.7621e-01,  ...,  1.9621e-02,
            2.6509e-02,  1.1665e-03]],

         [[ 6.8146e-01,  1.2677e-01, -1.1652e-01,  ..., -7.4713e-01,
           -6.1206e-01, -5.2341e-01],
          [-9.5197e-01, -6.5843e-01, -8.1938e-01,  ..., -4.5152e-01,
           -3.7789e-01, -3.8911e-01],
          [ 3.3861e-01,  5.6715e-02,  1.5048e-01,  ...,  8.3831e-01,
            7.3637e-01,  6.5744e-01],
          ...,
          [-1.7800e-02, -5.0103e-01, -4.0970e-01,  ..., -3.3622e-01,
           -3.1598e-01, -3.6785e-01],
          [-5.1373e-02, -4.1229e-01, -4.6211e-01,  ..., -3.5492e-01,
           -3.3120e-01, -3.8216e-01],
          [-9.4269e-02, -3.5491e-01, -5.2800e-01,  ..., -3.3674e-01,
           -3.1668e-01, -3.7397e-01]],

         ...,

         [[-5.8428e-01, -1.4590e-01,  1.0026e-02,  ...,  3.7249e-01,
            3.8918e-01,  3.5539e-01],
          [-5.2696e-01, -9.4703e-02, -1.1685e-01,  ..., -2.5819e-01,
           -2.0860e-01, -1.8831e-01],
          [-1.9122e-01, -3.0392e-01,  1.8245e-01,  ..., -2.9588e-01,
           -3.0272e-01, -3.1550e-01],
          ...,
          [-3.9000e-01,  3.5006e-02, -3.1624e-01,  ..., -4.9668e-01,
           -5.1295e-01, -5.5343e-01],
          [-3.3322e-01,  1.2476e-01, -2.5626e-01,  ..., -5.1109e-01,
           -5.2588e-01, -5.5754e-01],
          [-2.4865e-01,  1.9098e-01, -2.0788e-01,  ..., -4.7867e-01,
           -4.8811e-01, -5.1330e-01]],

         [[ 3.2258e-01, -7.9578e-02, -6.1130e-01,  ...,  5.3115e-01,
            4.6624e-01,  3.9336e-01],
          [-1.9244e-01, -2.9544e-01, -2.4314e-01,  ..., -5.8145e-01,
           -6.4811e-01, -7.0625e-01],
          [ 3.4427e-01, -2.6693e-01,  2.8078e-01,  ...,  8.6584e-01,
            8.4163e-01,  8.1538e-01],
          ...,
          [ 5.2087e-02, -1.0426e-01, -1.0547e+00,  ..., -2.8038e-01,
           -2.2473e-01, -1.6930e-01],
          [ 1.8569e-01,  2.4579e-02, -1.0286e+00,  ..., -2.6329e-01,
           -1.9620e-01, -1.3158e-01],
          [ 2.3679e-01,  3.4827e-02, -1.0424e+00,  ..., -2.4561e-01,
           -1.8299e-01, -1.2067e-01]],

         [[ 6.9284e-01,  1.1715e+00,  9.1913e-01,  ...,  7.4288e-01,
            7.5773e-01,  6.8219e-01],
          [ 3.0661e-01,  7.5933e-01,  6.2899e-01,  ...,  1.3917e-01,
            2.3536e-01,  2.1834e-01],
          [-1.3971e-01, -3.1914e-01,  3.2700e-01,  ..., -1.2004e-02,
            3.4706e-02, -1.8069e-04],
          ...,
          [-8.1473e-02, -6.9074e-01, -1.5386e-01,  ..., -7.7062e-01,
           -7.7485e-01, -8.0443e-01],
          [-1.5881e-02, -6.3135e-01, -2.4770e-02,  ..., -7.7169e-01,
           -7.7188e-01, -7.9399e-01],
          [ 3.2573e-03, -6.0266e-01,  6.5283e-02,  ..., -7.8794e-01,
           -7.9483e-01, -8.2026e-01]]],


        [[[-7.8397e-01, -4.6952e-01, -5.7847e-01,  ..., -6.6448e-01,
           -8.0187e-01, -8.7631e-01],
          [-7.4996e-01, -7.5626e-01, -4.0382e-01,  ..., -3.6384e-01,
           -4.0811e-01, -3.9000e-01],
          [-1.0252e+00, -7.5204e-01, -3.6692e-02,  ...,  2.7222e-01,
            1.7055e-01,  1.0706e-01],
          ...,
          [ 1.1294e-01, -6.7488e-01,  5.6785e-01,  ...,  2.3182e-01,
            6.9504e-02, -6.0826e-03],
          [ 6.9371e-02, -7.7863e-01,  5.4772e-01,  ...,  1.7308e-01,
            7.3471e-03, -7.3075e-02],
          [ 1.2272e-02, -8.2323e-01,  5.6600e-01,  ...,  1.7077e-01,
            1.9750e-03, -8.1862e-02]],

         [[-4.0202e-01, -4.9325e-01,  6.2765e-01,  ...,  4.1483e-02,
            2.9103e-03, -5.2454e-02],
          [-4.0573e-01, -7.7598e-01, -3.5261e-01,  ..., -7.4341e-01,
           -6.8982e-01, -6.3600e-01],
          [ 8.5860e-02,  1.6511e-02,  2.6623e-01,  ..., -8.6181e-02,
           -1.8331e-01, -2.3547e-01],
          ...,
          [-1.8447e-01, -8.0054e-01,  2.6717e-01,  ...,  1.8497e-01,
            1.8347e-01,  1.4911e-01],
          [-1.9823e-01, -9.0472e-01,  2.9389e-01,  ...,  1.1256e-01,
            1.1186e-01,  7.9523e-02],
          [-2.4531e-01, -1.0368e+00,  2.8018e-01,  ...,  1.9621e-02,
            2.6509e-02,  1.1665e-03]],

         [[ 6.8146e-01, -7.4189e-02,  2.6224e-01,  ..., -7.4713e-01,
           -6.1206e-01, -5.2341e-01],
          [ 2.9353e-01,  3.0727e-01, -4.0886e-01,  ...,  7.6658e-01,
            6.6043e-01,  5.7782e-01],
          [ 9.0395e-02, -8.7492e-01,  1.0843e-01,  ...,  6.5579e-02,
            2.0237e-01,  2.3247e-01],
          ...,
          [-1.7800e-02, -3.1871e-01, -3.4227e-01,  ..., -3.3622e-01,
           -3.1598e-01, -3.6785e-01],
          [-5.1373e-02, -3.6565e-01, -4.3889e-01,  ..., -3.5492e-01,
           -3.3120e-01, -3.8216e-01],
          [-9.4269e-02, -4.2845e-01, -4.5703e-01,  ..., -3.3674e-01,
           -3.1668e-01, -3.7397e-01]],

         ...,

         [[-5.8428e-01, -2.0881e-02, -7.5486e-01,  ...,  3.7249e-01,
            3.8918e-01,  3.5539e-01],
          [-1.4805e-01,  3.9787e-02, -2.8757e-01,  ..., -2.5714e-01,
           -2.5558e-01, -2.6858e-01],
          [-1.7304e-01,  1.5141e-01, -1.2152e-01,  ..., -1.3271e-01,
           -8.3889e-02, -1.7163e-02],
          ...,
          [-3.9000e-01, -3.9015e-01, -8.7609e-01,  ..., -4.9668e-01,
           -5.1295e-01, -5.5343e-01],
          [-3.3322e-01, -3.2321e-01, -8.6461e-01,  ..., -5.1109e-01,
           -5.2588e-01, -5.5754e-01],
          [-2.4865e-01, -2.7832e-01, -8.5690e-01,  ..., -4.7867e-01,
           -4.8811e-01, -5.1330e-01]],

         [[ 3.2258e-01, -6.0940e-01, -5.6707e-02,  ...,  5.3115e-01,
            4.6624e-01,  3.9336e-01],
          [ 3.5622e-01,  2.3340e-01,  1.3259e-02,  ...,  9.7163e-01,
            9.4952e-01,  9.2105e-01],
          [ 4.7971e-01,  3.2871e-01, -1.1342e-01,  ...,  1.2498e-01,
           -7.1467e-03, -6.6762e-02],
          ...,
          [ 5.2087e-02, -9.9405e-01,  1.5167e-01,  ..., -2.8038e-01,
           -2.2473e-01, -1.6930e-01],
          [ 1.8569e-01, -9.5582e-01,  1.6679e-01,  ..., -2.6329e-01,
           -1.9620e-01, -1.3158e-01],
          [ 2.3679e-01, -9.7560e-01,  1.9856e-01,  ..., -2.4561e-01,
           -1.8299e-01, -1.2067e-01]],

         [[ 6.9284e-01,  8.7609e-01,  7.6587e-01,  ...,  7.4288e-01,
            7.5773e-01,  6.8219e-01],
          [-1.1577e-01,  3.3827e-01,  2.0987e-01,  ..., -2.2423e-02,
            3.9905e-02,  1.7437e-02],
          [ 5.5917e-01,  3.2533e-01,  8.5532e-02,  ..., -4.3366e-01,
           -3.9707e-01, -4.3135e-01],
          ...,
          [-8.1473e-02, -1.8650e-01, -5.8195e-01,  ..., -7.7062e-01,
           -7.7485e-01, -8.0443e-01],
          [-1.5881e-02, -6.4771e-02, -5.3684e-01,  ..., -7.7169e-01,
           -7.7188e-01, -7.9399e-01],
          [ 3.2573e-03,  2.0397e-02, -4.8785e-01,  ..., -7.8794e-01,
           -7.9483e-01, -8.2026e-01]]],


        [[[-7.8397e-01, -9.1723e-01, -5.0108e-01,  ..., -6.6448e-01,
           -8.0187e-01, -8.7631e-01],
          [-1.0342e+00, -4.0965e-01, -3.0545e-01,  ...,  9.2494e-01,
            9.2291e-01,  8.8920e-01],
          [-8.4353e-01, -1.1234e+00, -6.5515e-02,  ...,  3.3998e-01,
            2.5832e-01,  2.4683e-01],
          ...,
          [ 1.1294e-01, -2.8211e-01,  1.3914e+00,  ...,  2.3182e-01,
            6.9504e-02, -6.0826e-03],
          [ 6.9371e-02, -3.6812e-01,  1.3954e+00,  ...,  1.7308e-01,
            7.3471e-03, -7.3075e-02],
          [ 1.2272e-02, -4.7427e-01,  1.3918e+00,  ...,  1.7077e-01,
            1.9750e-03, -8.1862e-02]],

         [[-4.0202e-01, -3.7100e-02, -1.5884e-01,  ...,  4.1483e-02,
            2.9103e-03, -5.2454e-02],
          [-5.2695e-01, -2.6652e-01, -2.5064e-01,  ..., -4.2266e-02,
           -1.6439e-01, -2.7133e-01],
          [-1.0373e+00, -3.6648e-01, -4.6342e-01,  ...,  7.1960e-03,
           -2.0610e-03, -6.9377e-02],
          ...,
          [-1.8447e-01, -2.8658e-01,  3.3901e-01,  ...,  1.8497e-01,
            1.8347e-01,  1.4911e-01],
          [-1.9823e-01, -3.2116e-01,  3.0107e-01,  ...,  1.1256e-01,
            1.1186e-01,  7.9523e-02],
          [-2.4531e-01, -3.4671e-01,  2.0790e-01,  ...,  1.9621e-02,
            2.6509e-02,  1.1665e-03]],

         [[ 6.8146e-01,  1.0535e-01, -1.6442e-01,  ..., -7.4713e-01,
           -6.1206e-01, -5.2341e-01],
          [ 8.5760e-03, -5.1548e-01,  3.1759e-01,  ..., -1.0800e-01,
           -3.5008e-02,  3.0736e-02],
          [ 6.9776e-01,  4.3284e-01,  4.7842e-01,  ...,  4.7388e-01,
            5.5434e-01,  6.0050e-01],
          ...,
          [-1.7800e-02,  5.6263e-03, -7.2014e-01,  ..., -3.3622e-01,
           -3.1598e-01, -3.6785e-01],
          [-5.1373e-02, -3.7891e-02, -7.8892e-01,  ..., -3.5492e-01,
           -3.3120e-01, -3.8216e-01],
          [-9.4269e-02, -2.6173e-02, -7.9567e-01,  ..., -3.3674e-01,
           -3.1668e-01, -3.7397e-01]],

         ...,

         [[-5.8428e-01,  2.1247e-01, -6.1712e-01,  ...,  3.7249e-01,
            3.8918e-01,  3.5539e-01],
          [ 5.5608e-01,  8.0486e-01,  8.8038e-02,  ..., -5.9593e-02,
           -4.7866e-02, -1.2490e-01],
          [-5.6647e-01, -7.8158e-02, -1.5836e-01,  ..., -4.5270e-01,
           -4.8687e-01, -5.0046e-01],
          ...,
          [-3.9000e-01,  3.3453e-01, -3.9906e-01,  ..., -4.9668e-01,
           -5.1295e-01, -5.5343e-01],
          [-3.3322e-01,  4.1403e-01, -4.1613e-01,  ..., -5.1109e-01,
           -5.2588e-01, -5.5754e-01],
          [-2.4865e-01,  4.8633e-01, -3.9862e-01,  ..., -4.7867e-01,
           -4.8811e-01, -5.1330e-01]],

         [[ 3.2258e-01,  4.6724e-01, -4.2836e-01,  ...,  5.3115e-01,
            4.6624e-01,  3.9336e-01],
          [-7.4485e-01,  5.7804e-02,  4.3353e-02,  ..., -2.1818e-01,
           -2.3506e-01, -1.8122e-01],
          [-4.5716e-01,  4.3706e-01, -6.3765e-01,  ..., -2.4069e-01,
           -3.6817e-01, -4.8502e-01],
          ...,
          [ 5.2087e-02, -5.0080e-02, -5.8345e-01,  ..., -2.8038e-01,
           -2.2473e-01, -1.6930e-01],
          [ 1.8569e-01, -1.1647e-02, -5.1316e-01,  ..., -2.6329e-01,
           -1.9620e-01, -1.3158e-01],
          [ 2.3679e-01, -2.4045e-02, -4.2075e-01,  ..., -2.4561e-01,
           -1.8299e-01, -1.2067e-01]],

         [[ 6.9284e-01,  3.9179e-01, -1.0695e-01,  ...,  7.4288e-01,
            7.5773e-01,  6.8219e-01],
          [ 1.0087e-02,  3.4971e-01, -2.2637e-01,  ..., -2.0528e-01,
           -2.4413e-01, -3.1974e-01],
          [ 6.5627e-01,  1.3127e-01, -4.4575e-02,  ...,  2.0540e-02,
            1.0925e-01,  1.4193e-01],
          ...,
          [-8.1473e-02, -2.3156e-01, -2.9733e-01,  ..., -7.7062e-01,
           -7.7485e-01, -8.0443e-01],
          [-1.5881e-02, -2.1774e-01, -3.2676e-01,  ..., -7.7169e-01,
           -7.7188e-01, -7.9399e-01],
          [ 3.2573e-03, -2.7079e-01, -3.1753e-01,  ..., -7.8794e-01,
           -7.9483e-01, -8.2026e-01]]],


        ...,


        [[[-7.8397e-01, -4.8654e-01, -1.0638e-01,  ..., -6.6448e-01,
           -8.0187e-01, -8.7631e-01],
          [-2.9130e-01, -4.9645e-01, -2.8265e-01,  ...,  1.6981e-01,
            1.4742e-01,  9.4641e-02],
          [ 3.2019e-01,  3.6092e-01,  3.7933e-02,  ...,  4.0958e-02,
           -4.7104e-02, -6.7104e-02],
          ...,
          [ 1.1294e-01, -2.8592e-01, -3.6480e-01,  ...,  2.3182e-01,
            6.9504e-02, -6.0826e-03],
          [ 6.9371e-02, -3.0905e-01, -3.6034e-01,  ...,  1.7308e-01,
            7.3471e-03, -7.3075e-02],
          [ 1.2272e-02, -2.5943e-01, -3.2188e-01,  ...,  1.7077e-01,
            1.9750e-03, -8.1862e-02]],

         [[-4.0202e-01,  1.4097e-01, -6.1063e-01,  ...,  4.1483e-02,
            2.9103e-03, -5.2454e-02],
          [-6.4828e-01, -2.6847e-01, -3.1437e-01,  ..., -2.3689e-01,
           -2.4028e-01, -3.0972e-01],
          [-8.2797e-01,  2.0213e-01, -6.0589e-01,  ..., -5.9853e-01,
           -5.9580e-01, -6.3038e-01],
          ...,
          [-1.8447e-01, -2.6699e-01, -4.8938e-01,  ...,  1.8497e-01,
            1.8347e-01,  1.4911e-01],
          [-1.9823e-01, -3.0594e-01, -5.2211e-01,  ...,  1.1256e-01,
            1.1186e-01,  7.9523e-02],
          [-2.4531e-01, -4.2184e-01, -6.2243e-01,  ...,  1.9621e-02,
            2.6509e-02,  1.1665e-03]],

         [[ 6.8146e-01,  2.7306e-01,  5.4918e-01,  ..., -7.4713e-01,
           -6.1206e-01, -5.2341e-01],
          [-2.8712e-01, -2.8122e-01,  8.0096e-01,  ...,  3.7744e-01,
            3.6827e-01,  3.6466e-01],
          [ 7.8167e-01,  1.0050e-01,  3.6613e-01,  ..., -4.3948e-01,
           -3.8867e-01, -3.6068e-01],
          ...,
          [-1.7800e-02, -4.2159e-01, -1.9298e-02,  ..., -3.3622e-01,
           -3.1598e-01, -3.6785e-01],
          [-5.1373e-02, -4.0004e-01,  4.4503e-02,  ..., -3.5492e-01,
           -3.3120e-01, -3.8216e-01],
          [-9.4269e-02, -3.8724e-01,  8.0022e-02,  ..., -3.3674e-01,
           -3.1668e-01, -3.7397e-01]],

         ...,

         [[-5.8428e-01, -2.5000e-01,  2.4284e-01,  ...,  3.7249e-01,
            3.8918e-01,  3.5539e-01],
          [-2.3285e-01, -7.5570e-02, -6.9370e-01,  ..., -1.6235e-01,
           -9.4693e-02, -1.9722e-02],
          [-3.3391e-01, -3.5164e-02, -1.2760e+00,  ...,  3.3690e-01,
            4.5095e-01,  5.6315e-01],
          ...,
          [-3.9000e-01, -9.1024e-01, -8.4878e-01,  ..., -4.9668e-01,
           -5.1295e-01, -5.5343e-01],
          [-3.3322e-01, -8.5084e-01, -8.5018e-01,  ..., -5.1109e-01,
           -5.2588e-01, -5.5754e-01],
          [-2.4865e-01, -7.5258e-01, -7.9100e-01,  ..., -4.7867e-01,
           -4.8811e-01, -5.1330e-01]],

         [[ 3.2258e-01, -8.7080e-01,  2.9106e-01,  ...,  5.3115e-01,
            4.6624e-01,  3.9336e-01],
          [-6.3743e-02,  4.4710e-01,  1.5151e-01,  ...,  3.9912e-01,
            3.6828e-01,  3.5087e-01],
          [ 7.1599e-01, -2.6543e-01,  4.2538e-01,  ...,  6.5443e-01,
            6.4309e-01,  6.0688e-01],
          ...,
          [ 5.2087e-02, -6.7519e-01, -9.5554e-01,  ..., -2.8038e-01,
           -2.2473e-01, -1.6930e-01],
          [ 1.8569e-01, -4.6207e-01, -8.8281e-01,  ..., -2.6329e-01,
           -1.9620e-01, -1.3158e-01],
          [ 2.3679e-01, -3.0573e-01, -7.9244e-01,  ..., -2.4561e-01,
           -1.8299e-01, -1.2067e-01]],

         [[ 6.9284e-01,  2.1046e-01,  8.8907e-01,  ...,  7.4288e-01,
            7.5773e-01,  6.8219e-01],
          [ 3.2642e-01,  6.9524e-01,  8.9238e-01,  ..., -2.0822e-01,
           -1.1714e-01, -1.3003e-01],
          [ 9.9460e-01,  6.0067e-02,  9.5351e-01,  ...,  3.3885e-01,
            3.6714e-01,  2.8283e-01],
          ...,
          [-8.1473e-02,  1.0592e-02, -3.2666e-01,  ..., -7.7062e-01,
           -7.7485e-01, -8.0443e-01],
          [-1.5881e-02, -5.6252e-03, -2.3283e-01,  ..., -7.7169e-01,
           -7.7188e-01, -7.9399e-01],
          [ 3.2573e-03, -3.1959e-02, -1.3208e-01,  ..., -7.8794e-01,
           -7.9483e-01, -8.2026e-01]]],


        [[[-7.8397e-01, -2.4335e-01, -5.7439e-01,  ..., -6.6448e-01,
           -8.0187e-01, -8.7631e-01],
          [-9.2016e-01, -1.0011e-03,  8.2927e-02,  ..., -4.5698e-01,
           -4.6371e-01, -4.6632e-01],
          [-5.4679e-01,  2.4239e-01, -2.0526e-01,  ..., -3.1802e-01,
           -4.3174e-01, -5.1684e-01],
          ...,
          [ 1.1294e-01,  5.5570e-01,  3.7755e-01,  ...,  2.3182e-01,
            6.9504e-02, -6.0826e-03],
          [ 6.9371e-02,  4.4721e-01,  2.7258e-01,  ...,  1.7308e-01,
            7.3471e-03, -7.3075e-02],
          [ 1.2272e-02,  3.0854e-01,  1.8001e-01,  ...,  1.7077e-01,
            1.9750e-03, -8.1862e-02]],

         [[-4.0202e-01, -9.1724e-03,  2.2663e-01,  ...,  4.1483e-02,
            2.9103e-03, -5.2454e-02],
          [ 1.4892e-01, -8.5340e-01, -6.8049e-01,  ..., -5.9398e-01,
           -5.9651e-01, -5.5151e-01],
          [-8.0469e-02,  4.7980e-01,  2.1443e-01,  ..., -1.5866e-01,
           -1.8233e-01, -2.1717e-01],
          ...,
          [-1.8447e-01, -1.4602e-01,  5.9984e-01,  ...,  1.8497e-01,
            1.8347e-01,  1.4911e-01],
          [-1.9823e-01, -9.7434e-02,  5.0503e-01,  ...,  1.1256e-01,
            1.1186e-01,  7.9523e-02],
          [-2.4531e-01, -1.4135e-01,  4.0312e-01,  ...,  1.9621e-02,
            2.6509e-02,  1.1665e-03]],

         [[ 6.8146e-01,  3.0323e-01,  4.9123e-01,  ..., -7.4713e-01,
           -6.1206e-01, -5.2341e-01],
          [ 2.6268e-01,  1.1678e+00,  2.3498e-01,  ..., -6.4009e-01,
           -4.8276e-01, -3.6562e-01],
          [ 4.0415e-01,  1.0015e+00,  2.9218e-01,  ...,  2.3485e-01,
            3.5038e-01,  4.1394e-01],
          ...,
          [-1.7800e-02, -4.6956e-01, -2.0181e-01,  ..., -3.3622e-01,
           -3.1598e-01, -3.6785e-01],
          [-5.1373e-02, -3.0233e-01, -2.9622e-01,  ..., -3.5492e-01,
           -3.3120e-01, -3.8216e-01],
          [-9.4269e-02, -2.5003e-01, -2.8961e-01,  ..., -3.3674e-01,
           -3.1668e-01, -3.7397e-01]],

         ...,

         [[-5.8428e-01, -7.6539e-02, -2.9274e-02,  ...,  3.7249e-01,
            3.8918e-01,  3.5539e-01],
          [ 3.7306e-01,  9.0197e-02,  1.0817e+00,  ...,  9.0336e-01,
            1.0121e+00,  1.0826e+00],
          [-2.9792e-01, -3.6467e-01, -3.2490e-01,  ..., -3.1067e-01,
           -3.4490e-01, -2.9561e-01],
          ...,
          [-3.9000e-01, -5.6607e-01, -1.5328e-01,  ..., -4.9668e-01,
           -5.1295e-01, -5.5343e-01],
          [-3.3322e-01, -5.4627e-01, -1.3227e-01,  ..., -5.1109e-01,
           -5.2588e-01, -5.5754e-01],
          [-2.4865e-01, -5.6563e-01, -1.0932e-01,  ..., -4.7867e-01,
           -4.8811e-01, -5.1330e-01]],

         [[ 3.2258e-01,  5.2826e-02,  9.0200e-03,  ...,  5.3115e-01,
            4.6624e-01,  3.9336e-01],
          [ 5.6871e-01,  7.7202e-01,  1.7948e-01,  ...,  2.2411e-01,
            1.1986e-01,  3.6121e-02],
          [-1.5238e-01, -2.2753e-01,  6.1617e-01,  ...,  1.9637e-01,
            1.6151e-01,  1.8930e-01],
          ...,
          [ 5.2087e-02, -4.3760e-01, -3.8054e-01,  ..., -2.8038e-01,
           -2.2473e-01, -1.6930e-01],
          [ 1.8569e-01, -3.3371e-01, -3.6872e-01,  ..., -2.6329e-01,
           -1.9620e-01, -1.3158e-01],
          [ 2.3679e-01, -2.9349e-01, -3.8770e-01,  ..., -2.4561e-01,
           -1.8299e-01, -1.2067e-01]],

         [[ 6.9284e-01,  5.5513e-01,  4.5633e-01,  ...,  7.4288e-01,
            7.5773e-01,  6.8219e-01],
          [ 5.9886e-01,  2.8320e-01,  7.5383e-01,  ..., -6.9271e-01,
           -6.4197e-01, -7.1990e-01],
          [ 5.3290e-01,  5.1615e-01,  4.6169e-01,  ..., -4.3848e-01,
           -4.3594e-01, -4.8812e-01],
          ...,
          [-8.1473e-02, -7.1089e-02, -6.3951e-01,  ..., -7.7062e-01,
           -7.7485e-01, -8.0443e-01],
          [-1.5881e-02, -6.5256e-03, -6.2394e-01,  ..., -7.7169e-01,
           -7.7188e-01, -7.9399e-01],
          [ 3.2573e-03, -1.6402e-02, -6.1975e-01,  ..., -7.8794e-01,
           -7.9483e-01, -8.2026e-01]]],


        [[[-7.8397e-01, -4.8654e-01, -6.7418e-02,  ..., -6.6448e-01,
           -8.0187e-01, -8.7631e-01],
          [-2.9130e-01, -4.9645e-01, -3.2118e-02,  ...,  1.6981e-01,
            1.4742e-01,  9.4641e-02],
          [-3.1004e-01,  2.4061e-01,  1.3169e-01,  ...,  5.5047e-01,
            4.8799e-01,  4.1826e-01],
          ...,
          [ 1.1294e-01, -2.8592e-01, -7.4110e-02,  ...,  2.3182e-01,
            6.9504e-02, -6.0826e-03],
          [ 6.9371e-02, -3.0905e-01, -1.0543e-01,  ...,  1.7308e-01,
            7.3471e-03, -7.3075e-02],
          [ 1.2272e-02, -2.5943e-01, -1.2479e-01,  ...,  1.7077e-01,
            1.9750e-03, -8.1862e-02]],

         [[-4.0202e-01,  1.4097e-01, -2.0640e-01,  ...,  4.1483e-02,
            2.9103e-03, -5.2454e-02],
          [-6.4828e-01, -2.6847e-01, -9.3569e-01,  ..., -2.3689e-01,
           -2.4028e-01, -3.0972e-01],
          [-2.8751e-01, -5.4581e-01, -1.1147e+00,  ..., -3.5855e-01,
           -3.9263e-01, -4.0837e-01],
          ...,
          [-1.8447e-01, -2.6699e-01, -7.5667e-01,  ...,  1.8497e-01,
            1.8347e-01,  1.4911e-01],
          [-1.9823e-01, -3.0594e-01, -8.3248e-01,  ...,  1.1256e-01,
            1.1186e-01,  7.9523e-02],
          [-2.4531e-01, -4.2184e-01, -8.7542e-01,  ...,  1.9621e-02,
            2.6509e-02,  1.1665e-03]],

         [[ 6.8146e-01,  2.7306e-01, -1.1405e-01,  ..., -7.4713e-01,
           -6.1206e-01, -5.2341e-01],
          [-2.8712e-01, -2.8122e-01, -8.9109e-03,  ...,  3.7744e-01,
            3.6827e-01,  3.6466e-01],
          [-4.9897e-01, -8.0315e-02,  1.2396e-01,  ..., -2.5273e-01,
           -1.6700e-01, -6.5999e-02],
          ...,
          [-1.7800e-02, -4.2159e-01, -6.6608e-01,  ..., -3.3622e-01,
           -3.1598e-01, -3.6785e-01],
          [-5.1373e-02, -4.0004e-01, -5.7604e-01,  ..., -3.5492e-01,
           -3.3120e-01, -3.8216e-01],
          [-9.4269e-02, -3.8724e-01, -4.7715e-01,  ..., -3.3674e-01,
           -3.1668e-01, -3.7397e-01]],

         ...,

         [[-5.8428e-01, -2.5000e-01, -1.6949e-01,  ...,  3.7249e-01,
            3.8918e-01,  3.5539e-01],
          [-2.3285e-01, -7.5570e-02, -3.2716e-01,  ..., -1.6235e-01,
           -9.4693e-02, -1.9722e-02],
          [-3.1451e-01,  3.4415e-01,  4.9638e-01,  ...,  1.3840e-01,
            2.3777e-01,  3.2271e-01],
          ...,
          [-3.9000e-01, -9.1024e-01,  3.1021e-01,  ..., -4.9668e-01,
           -5.1295e-01, -5.5343e-01],
          [-3.3322e-01, -8.5084e-01,  3.7091e-01,  ..., -5.1109e-01,
           -5.2588e-01, -5.5754e-01],
          [-2.4865e-01, -7.5258e-01,  4.7786e-01,  ..., -4.7867e-01,
           -4.8811e-01, -5.1330e-01]],

         [[ 3.2258e-01, -8.7080e-01,  9.0312e-02,  ...,  5.3115e-01,
            4.6624e-01,  3.9336e-01],
          [-6.3743e-02,  4.4710e-01,  5.1843e-01,  ...,  3.9912e-01,
            3.6828e-01,  3.5087e-01],
          [-2.0289e-01, -3.1105e-01, -4.9193e-01,  ..., -9.5724e-02,
           -1.2085e-01, -1.1172e-01],
          ...,
          [ 5.2087e-02, -6.7519e-01, -6.0243e-01,  ..., -2.8038e-01,
           -2.2473e-01, -1.6930e-01],
          [ 1.8569e-01, -4.6207e-01, -5.4086e-01,  ..., -2.6329e-01,
           -1.9620e-01, -1.3158e-01],
          [ 2.3679e-01, -3.0573e-01, -4.3174e-01,  ..., -2.4561e-01,
           -1.8299e-01, -1.2067e-01]],

         [[ 6.9284e-01,  2.1046e-01,  9.7627e-01,  ...,  7.4288e-01,
            7.5773e-01,  6.8219e-01],
          [ 3.2642e-01,  6.9524e-01, -2.5367e-01,  ..., -2.0822e-01,
           -1.1714e-01, -1.3003e-01],
          [ 3.7343e-01,  7.9096e-01,  2.4805e-01,  ...,  3.7577e-01,
            4.0568e-01,  3.8349e-01],
          ...,
          [-8.1473e-02,  1.0592e-02, -7.8627e-01,  ..., -7.7062e-01,
           -7.7485e-01, -8.0443e-01],
          [-1.5881e-02, -5.6252e-03, -8.1937e-01,  ..., -7.7169e-01,
           -7.7188e-01, -7.9399e-01],
          [ 3.2573e-03, -3.1959e-02, -8.4157e-01,  ..., -7.8794e-01,
           -7.9483e-01, -8.2026e-01]]]], grad_fn=<DivBackward0>)
