output Size: torch.Size([32, 64, 504])

output ID: tensor([[[ 0.4557,  0.8252,  0.8278,  ..., -0.0451,  0.1358,  0.5440],
         [ 0.4473,  0.8309,  0.8938,  ...,  0.0114,  0.1330,  0.5886],
         [ 0.4637,  0.8607,  0.9095,  ...,  0.0114,  0.1455,  0.5729],
         ...,
         [ 0.4731,  0.8501,  0.9191,  ...,  0.0424,  0.1342,  0.6076],
         [ 0.4741,  0.8507,  0.9184,  ...,  0.0411,  0.1326,  0.6035],
         [ 0.4777,  0.8572,  0.9241,  ...,  0.0446,  0.1297,  0.6029]],

        [[ 0.3760,  0.6870,  0.8633,  ..., -0.0301,  0.1403,  0.5316],
         [ 0.3949,  0.7266,  0.9043,  ...,  0.0400,  0.1489,  0.6245],
         [ 0.4362,  0.7800,  0.9679,  ...,  0.0635,  0.1683,  0.6435],
         ...,
         [ 0.4243,  0.6818,  0.9144,  ...,  0.0317,  0.1684,  0.6402],
         [ 0.4237,  0.6819,  0.9100,  ...,  0.0331,  0.1660,  0.6370],
         [ 0.4265,  0.6925,  0.9106,  ...,  0.0350,  0.1627,  0.6390]],

        [[ 0.2373,  0.5391,  0.8042,  ...,  0.0325,  0.1984,  0.5791],
         [ 0.3719,  0.7552,  0.9354,  ...,  0.1105,  0.2978,  0.6415],
         [ 0.2367,  0.6059,  0.8556,  ...,  0.1416,  0.2613,  0.6195],
         ...,
         [ 0.2075,  0.5972,  0.7846,  ...,  0.1720,  0.3111,  0.7112],
         [ 0.2063,  0.5889,  0.7783,  ...,  0.1741,  0.3056,  0.7094],
         [ 0.2081,  0.5868,  0.7769,  ...,  0.1850,  0.2954,  0.7107]],

        ...,

        [[ 0.2696,  0.7716,  0.7798,  ..., -0.0215,  0.1536,  0.4943],
         [ 0.3609,  0.8248,  0.8805,  ...,  0.0885,  0.1757,  0.5394],
         [ 0.3469,  0.8067,  0.8628,  ...,  0.0607,  0.1722,  0.5533],
         ...,
         [ 0.3476,  0.8016,  0.8516,  ...,  0.0830,  0.2040,  0.5721],
         [ 0.3465,  0.8026,  0.8470,  ...,  0.0760,  0.2071,  0.5652],
         [ 0.3537,  0.8112,  0.8508,  ...,  0.0734,  0.2074,  0.5616]],

        [[ 0.3501,  0.8590,  0.9035,  ..., -0.0736,  0.1928,  0.4984],
         [ 0.4115,  0.8878,  0.9244,  ...,  0.0762,  0.2449,  0.5077],
         [ 0.2929,  0.8364,  0.8884,  ...,  0.0213,  0.2349,  0.5120],
         ...,
         [ 0.4187,  0.8849,  0.9522,  ..., -0.0331,  0.2386,  0.5308],
         [ 0.4174,  0.8839,  0.9513,  ..., -0.0289,  0.2415,  0.5322],
         [ 0.4219,  0.8875,  0.9547,  ..., -0.0244,  0.2431,  0.5316]],

        [[ 0.4447,  0.7454,  0.9214,  ..., -0.0647,  0.1400,  0.4778],
         [ 0.4659,  0.8067,  0.9647,  ...,  0.0440,  0.1605,  0.5236],
         [ 0.4174,  0.7464,  0.9498,  ...,  0.0179,  0.1816,  0.4555],
         ...,
         [ 0.4488,  0.7883,  0.9417,  ..., -0.0115,  0.1478,  0.5571],
         [ 0.4515,  0.7907,  0.9369,  ..., -0.0097,  0.1510,  0.5586],
         [ 0.4578,  0.8000,  0.9357,  ..., -0.0059,  0.1511,  0.5614]]],
       grad_fn=<ViewBackward0>)
